200
72 5 105 40 46 64 36 89 129 10 109 180 59 193 56 34 90 3 12 58 110 121 2 54 69 126 196 82 74 114 88 78 155 65 130 189 33 104 143 145 135 158 137 29 15 108 176 131 77 198
0 0 1 1 0 0 1 0 0 0 0 0 0 0 0 0 0 1 1 1 0 1 0 0 0 0 0 0 0 0 1 0 0 1 0 0 0 0 0 0 0 1 0 0 0 1 1 1 1 1 1 1 0 0 1 1 0 1 0 0 0 0 0 1 1 0 0 0 1 1 0 1 1 1 0 1 0 0 0 0 0 0 0 0 0 1 1 0 0 0 0 1 0 0 0 1 0 1 0 0 0 0 1 0 0 1 1 0 1 0 0 1 0 0 1 1 0 1 0 0 1 0 0 1 0 0 0 1 0 0 0 1 0 0 1 1 0 1 0 1 1 1 1 1 1 0 0 0 0 0 0 0 1 0 0 0 0 1 0 0 0 1 1 0 1 0 1 0 0 1 1 0 1 0 1 1 0 1 0 1 0 0 0 0 0 0 0 1 0 1 1 0 0 0 1 0 0 1 0 0
0 0 0 0 0 1 0 0 0 0 0 1 0 1 0 0 0 0 1 1 0 1 1 0 0 0 1 0 1 0 1 0 0 0 1 1 0 0 0 1 0 1 1 1 0 1 0 0 0 0 1 0 0 0 0 0 0 1 1 1 1 0 0 0 1 0 1 0 0 0 0 0 0 0 1 1 0 1 0 0 1 1 0 0 1 1 1 0 0 0 0 0 1 1 0 1 0 1 1 0 0 0 0 1 0 0 0 1 1 1 0 1 0 1 0 0 0 0 0 1 1 0 1 1 1 1 1 0 1 1 1 0 0 0 0 1 0 1 1 1 0 1 0 1 0 0 0 1 0 1 0 0 0 0 0 0 1 0 1 0 1 1 0 1 1 0 0 0 1 0 1 0 1 1 0 0 0 0 1 0 1 1 1 0 0 0 0 0 0 0 1 1 0 0 0 0 1 0 1 0
0 0 0 0 0 0 0 1 0 0 0 0 0 0 0 1 0 0 0 0 0 1 1 0 0 0 0 0 0 0 1 1 0 0 0 1 1 1 1 1 0 0 0 0 0 0 1 1 0 1 0 1 1 0 1 0 0 0 1 0 0 0 0 0 0 0 1 0 1 1 1 1 1 1 0 0 0 1 0 1 1 0 0 0 1 0 1 0 1 0 1 0 0 1 0 0 0 0 0 1 0 0 1 0 0 0 0 1 1 1 0 0 1 0 1 0 0 1 1 1 1 0 0 1 1 0 0 0 0 0 0 1 0 0 0 0 1 0 0 1 0 0 1 0 0 0 0 1 1 1 0 0 0 0 1 0 1 0 1 1 0 1 0 1 0 0 0 1 0 1 0 0 0 1 0 0 1 1 0 0 0 1 0 0 0 0 0 0 0 0 1 0 0 0 1 1 1 0 1 1
1 0 0 0 0 0 0 1 1 0 0 0 1 0 1 0 1 1 1 0 0 1 1 0 1 0 0 0 0 0 0 0 1 1 0 0 0 0 1 0 0 0 0 1 1 1 0 0 0 0 0 0 0 0 1 0 0 1 1 1 0 0 0 0 0 0 1 0 1 1 0 1 1 0 0 1 1 0 0 0 0 1 1 0 0 0 0 0 1 1 1 0 0 0 1 1 0 0 1 1 1 0 1 0 0 1 0 0 1 1 0 1 1 0 0 0 1 0 1 0 0 0 0 0 0 0 0 0 0 0 1 0 0 0 0 0 0 0 1 0 0 1 1 0 0 0 1 0 1 1 0 1 0 0 0 0 0 0 1 0 0 1 0 0 0 0 0 1 0 0 0 0 0 1 1 0 0 1 1 1 0 1 1 1 1 0 1 1 0 0 1 1 0 0 0 1 0 0 1 0
0 0 1 0 0 0 0 0 0 0 0 0 0 0 1 0 1 0 0 0 0 0 1 0 0 0 1 0 0 0 0 1 1 0 0 1 1 1 1 1 0 1 1 0 1 0 0 0 0 0 1 0 1 1 0 0 0 0 0 0 0 1 0 1 0 1 0 0 1 0 1 0 1 0 0 1 1 0 0 0 1 0 0 0 0 0 1 0 0 1 0 0 1 0 1 0 0 0 0 0 0 0 1 0 0 0 1 0 0 0 0 0 0 0 0 0 0 1 0 0 1 1 0 1 1 1 0 0 0 1 0 0 1 0 0 0 0 0 0 0 0 0 0 0 0 0 0 0 1 0 1 0 1 1 0 0 0 0 0 1 1 0 1 0 1 0 0 0 0 0 1 0 0 1 1 1 1 0 1 0 0 0 1 0 0 1 0 0 1 0 0 0 0 0 1 0 0 1 0 1
1 0 0 1 0 0 1 0 0 0 0 1 0 1 0 0 1 0 0 1 0 1 0 0 1 0 0 1 0 0 0 1 0 0 1 0 1 0 1 0 0 0 0 0 0 1 1 0 0 0 0 0 0 0 0 0 0 0 1 1 0 0 0 1 0 0 0 0 0 0 0 0 0 0 0 0 0 1 0 1 0 0 1 1 0 0 0 1 0 1 1 1 0 1 0 1 1 0 0 0 1 1 1 1 0 1 1 1 1 0 0 0 1 0 1 1 0 0 0 1 0 1 0 1 1 0 0 0 1 0 0 0 1 1 0 0 0 1 1 1 0 1 0 0 1 0 0 0 0 0 0 0 0 0 0 0 0 0 0 1 0 0 0 1 0 0 1 1 1 1 1 0 1 0 0 1 0 0 0 0 0 1 0 0 0 0 0 0 0 1 1 0 1 0 0 1 1 0 0 1
0 0 0 0 1 0 0 0 0 0 0 1 1 0 0 1 1 0 0 0 0 0 1 0 1 1 0 0 0 0 0 1 0 0 1 0 1 0 0 0 1 0 1 1 1 1 0 1 0 0 1 0 1 0 1 1 1 0 1 0 0 0 0 0 0 0 1 0 0 0 0 1 1 0 1 1 0 0 0 0 0 1 1 0 0 1 1 1 0 0 1 0 0 0 0 1 0 1 0 0 1 0 0 1 1 1 1 0 1 1 1 1 0 1 0 1 0 0 1 0 1 1 0 0 0 0 0 0 0 1 0 1 0 0 0 0 0 0 1 1 1 0 0 0 0 0 0 0 1 0 1 0 0 1 1 1 0 0 0 0 0 0 0 1 0 1 0 1 0 0 1 1 1 0 1 1 1 0 0 0 0 0 1 1 0 1 1 0 0 0 0 1 1 0 0 1 0 0 1 0
0 0 0 1 1 0 0 0 0 0 0 0 0 0 0 1 0 0 0 1 0 0 0 1 1 0 1 0 0 1 0 1 0 1 0 0 0 0 1 1 0 1 1 1 1 1 0 0 0 0 1 1 0 1 1 1 0 0 0 0 0 1 1 1 0 0 1 0 0 0 0 1 0 1 0 1 1 0 0 1 0 1 0 0 0 1 0 0 1 0 0 1 0 0 1 0 0 1 1 0 1 0 1 1 0 1 0 1 0 0 0 1 1 1 0 1 0 0 1 0 0 0 0 0 0 0 0 0 1 1 0 0 0 1 0 0 0 0 1 0 0 1 1 0 1 1 0 1 0 1 0 0 1 0 0 0 0 0 0 0 0 0 1 0 0 1 0 1 0 1 1 0 0 0 0 1 0 0 1 1 0 0 1 1 1 1 0 0 0 0 0 0 0 1 0 0 0 0 0 0
0 1 1 0 1 0 0 0 0 0 0 0 0 1 0 0 0 0 1 0 0 0 1 0 0 1 0 1 0 0 0 1 0 1 1 0 1 0 0 0 0 1 1 1 0 0 1 1 1 1 0 0 1 0 0 0 1 0 0 0 0 0 0 0 1 0 0 1 1 0 1 1 0 1 1 1 1 0 0 1 0 0 0 0 0 0 0 0 0 1 0 0 0 0 0 1 1 0 1 0 1 0 0 1 1 1 0 0 0 0 0 0 0 1 0 1 0 1 0 0 1 0 0 0 0 0 1 1 1 0 0 0 0 1 0 1 1 0 0 0 0 0 1 0 0 0 0 0 0 1 0 1 0 0 0 0 0 1 1 1 1 0 0 0 1 0 1 1 1 0 0 1 0 0 0 0 1 0 0 0 0 0 1 0 0 0 0 0 0 1 0 0 0 1 1 1 0 0 1 0
0 0 0 0 0 1 0 1 1 0 1 1 0 1 1 1 1 0 1 0 0 0 0 1 1 1 0 0 0 1 0 0 0 0 1 1 0 1 0 1 1 1 0 0 0 0 0 0 0 0 1 0 0 0 0 0 0 0 0 0 1 0 1 1 0 0 0 0 0 0 0 1 1 0 1 1 0 1 1 1 0 0 0 0 1 0 1 1 1 0 0 1 0 0 0 1 0 0 0 0 0 0 0 0 0 0 1 0 1 1 0 0 1 1 0 1 0 0 0 1 1 0 1 0 0 1 0 0 0 1 1 0 1 0 1 1 0 0 0 0 0 1 1 0 0 0 0 0 1 0 0 1 0 0 1 0 0 1 1 0 0 0 0 0 0 0 1 1 0 0 0 0 1 0 0 1 0 0 1 1 0 1 1 1 1 0 1 0 0 0 0 0 1 1 0 1 1 0 1 0
1 1 0 0 0 1 1 0 0 1 0 1 1 1 1 1 1 1 1 0 0 1 0 1 1 0 1 0 0 0 0 0 0 0 0 0 0 0 0 0 0 1 1 0 0 1 0 0 1 1 0 0 0 0 0 1 0 0 0 0 0 1 0 0 1 0 0 0 0 0 0 0 1 1 0 0 0 0 0 0 1 1 1 0 1 1 0 0 0 0 0 1 1 0 0 1 1 0 0 0 0 0 1 0 1 0 0 0 0 0 0 0 1 1 0 0 0 1 1 0 0 1 1 0 0 1 1 0 1 0 0 1 0 1 1 0 0 0 1 0 1 0 1 1 0 0 1 0 0 0 1 0 0 1 0 1 1 0 0 1 1 1 0 1 0 0 0 0 0 1 0 1 0 0 0 1 1 0 0 0 0 1 1 0 1 0 0 0 1 0 0 1 1 0 0 1 0 0 1 1
0 1 0 0 1 0 1 1 0 0 0 0 1 1 0 0 0 0 1 0 0 1 0 1 0 1 0 1 0 0 0 0 0 0 1 0 1 1 1 1 0 0 0 1 1 0 0 1 1 1 0 1 0 1 1 1 0 0 0 0 0 0 1 0 1 0 0 1 0 1 0 1 1 0 0 0 0 0 1 1 0 0 0 0 0 0 0 0 0 0 1 0 1 0 0 0 0 0 0 1 0 0 1 1 0 0 0 1 1 0 0 0 0 0 0 1 0 1 1 1 0 0 1 0 1 0 0 0 1 0 1 0 1 1 0 1 0 0 1 0 1 0 0 1 0 1 0 0 0 0 0 0 0 0 0 1 0 0 1 0 0 1 1 0 1 1 0 0 1 0 1 0 0 1 0 1 0 0 1 0 0 0 0 0 1 0 0 0 1 0 0 0 0 0 1 0 0 0 0 1
0 1 1 0 0 1 0 0 0 1 1 0 0 0 1 0 0 0 0 1 0 1 0 0 0 0 0 1 0 0 0 0 0 0 1 0 1 1 1 0 0 0 0 1 0 1 1 0 0 1 0 0 0 0 1 0 0 0 1 0 1 1 1 0 0 0 0 0 1 0 1 0 0 0 0 1 1 0 0 1 0 0 1 1 1 0 1 0 0 0 0 1 1 1 0 0 0 0 1 0 1 1 0 1 0 0 1 1 0 0 0 0 0 0 0 0 0 0 1 1 0 0 0 1 0 0 0 0 0 0 0 1 0 0 0 0 1 1 0 1 1 0 0 0 0 0 1 1 1 0 0 0 1 0 0 0 0 0 0 0 0 0 0 0 0 0 0 1 0 1 0 0 0 0 0 0 1 1 0 0 1 0 1 0 1 0 0 1 1 0 0 0 0 1 1 0 1 1 0 0
0 0 1 0 1 1 0 0 0 1 0 1 1 0 0 0 0 0 0 0 1 0 0 1 1 1 1 1 0 1 1 0 1 0 0 0 1 1 1 1 0 0 1 0 1 1 0 0 1 1 1 0 1 0 0 1 0 1 0 0 0 0 1 1 0 1 1 0 0 0 0 1 1 1 0 1 1 1 0 1 1 0 1 0 1 0 0 0 0 0 1 1 0 0 0 1 1 1 0 0 0 0 0 0 0 0 0 1 1 1 0 0 0 1 0 0 1 1 0 0 0 0 0 0 1 0 0 0 1 1 0 0 0 1 1 1 1 0 1 0 0 0 0 0 1 1 1 0 0 0 1 0 1 0 0 0 0 0 1 0 0 1 1 1 0 0 0 1 0 0 0 1 1 0 0 0 0 0 1 0 0 1 1 0 0 1 0 1 0 0 0 1 0 1 0 1 0 0 1 1
0 1 0 0 0 1 1 0 1 0 1 0 0 1 0 0 0 0 1 0 1 1 0 0 1 0 0 0 0 0 0 0 1 0 0 0 0 0 0 1 0 1 0 1 0 0 1 0 1 1 1 0 1 0 0 1 0 0 0 0 0 0 0 0 0 0 1 0 1 0 0 0 0 0 0 0 0 1 0 0 1 0 0 1 0 0 1 0 0 1 0 0 1 0 1 1 0 0 1 1 0 0 1 1 0 1 0 1 0 1 0 1 0 0 0 0 0 1 0 0 0 1 0 1 0 0 1 1 1 0 0 0 0 0 0 0 0 0 0 0 0 1 0 0 0 0 0 0 1 0 1 1 0 0 1 1 0 0 0 0 1 0 0 0 1 0 0 0 1 0 0 0 0 0 1 0 0 0 0 0 0 0 0 1 0 1 0 0 0 0 0 0 0 0 1 0 0 0 0 0
1 0 1 1 1 1 1 0 0 1 0 0 0 0 1 0 1 0 1 0 1 0 0 0 0 0 0 0 0 1 0 0 0 1 0 0 1 0 0 0 0 0 1 0 0 1 0 1 0 0 0 0 0 0 0 1 0 1 0 1 1 0 0 1 0 0 1 1 1 0 1 0 1 1 0 0 0 0 1 1 0 0 0 1 0 0 0 0 0 0 0 0 1 0 0 0 0 1 1 1 0 1 1 1 0 0 0 0 1 0 0 0 1 1 0 0 1 0 0 1 0 0 0 0 1 1 0 1 1 0 1 1 0 1 0 0 1 1 0 1 1 1 0 1 0 0 0 1 0 0 0 1 0 0 1 0 0 1 1 0 0 0 0 0 0 1 1 0 0 1 0 1 1 0 0 1 0 0 1 0 0 0 0 0 0 0 0 0 0 0 0 0 0 1 0 1 0 1 0 1
0 1 0 1 0 0 1 0 1 0 0 0 0 0 0 1 0 0 0 0 0 1 0 0 1 0 0 0 1 0 0 1 0 1 0 1 0 0 1 1 1 1 1 1 0 1 1 1 1 0 0 0 1 0 1 0 1 0 0 1 0 0 0 1 0 1 0 0 1 0 0 0 0 0 0 0 0 0 0 1 1 0 1 0 0 1 0 0 1 0 1 0 1 1 0 1 0 1 0 0 0 0 0 0 0 0 0 1 0 0 1 0 1 0 0 0 1 0 1 1 0 0 0 0 0 0 1 0 1 0 1 1 1 0 0 0 0 0 1 0 0 0 1 1 0 1 1 0 0 1 0 1 1 1 1 1 1 0 0 0 0 0 0 1 1 0 0 0 1 0 0 0 0 0 0 0 0 0 1 0 1 1 1 0 1 0 0 0 0 1 0 1 0 0 1 1 1 1 0 0
0 0 1 1 1 0 0 0 1 0 0 1 0 0 0 1 0 0 0 1 1 1 0 0 0 0 0 1 1 1 0 1 1 1 0 1 1 1 0 0 0 0 0 1 0 0 0 0 1 0 1 1 0 1 1 0 1 0 1 1 0 0 1 0 0 1 0 1 0 1 0 0 1 1 0 0 0 0 1 1 1 0 0 1 0 0 1 1 1 0 0 0 1 1 0 1 1 0 0 0 1 0 1 1 1 0 0 0 1 0 1 0 1 0 1 1 0 0 0 1 1 0 1 0 1 0 1 1 0 0 1 0 0 0 0 0 0 1 1 1 0 1 0 1 1 1 0 0 0 0 0 0 0 1 0 1 1 1 0 0 0 0 0 0 0 0 1 0 1 0 1 0 0 1 0 0 0 0 0 1 0 1 1 1 0 1 0 1 0 0 1 1 1 1 0 1 0 0 1 1
1 0 0 0 1 1 1 0 1 1 1 1 1 0 0 0 0 0 0 1 1 0 0 0 0 0 0 1 1 0 1 1 0 1 0 1 0 1 1 0 0 1 0 0 1 0 1 1 0 1 1 1 0 0 0 0 1 1 0 1 1 0 1 0 0 1 0 0 0 0 0 0 1 0 0 0 0 0 1 0 1 1 0 0 1 0 0 0 1 1 0 0 0 0 0 0 1 1 0 0 0 1 0 1 1 0 0 0 1 1 1 1 0 1 1 0 1 1 0 0 0 0 1 0 1 0 1 0 0 1 0 0 0 0 1 1 0 0 0 0 0 1 0 0 0 0 1 1 0 1 0 1 1 1 0 0 0 1 0 1 1 0 1 1 0 0 0 1 0 1 1 1 1 0 0 1 0 0 0 1 0 0 0 0 0 0 0 0 0 1 0 0 1 0 1 0 1 1 1 0
0 0 0 1 1 1 1 1 0 1 0 1 1 0 1 1 1 0 1 0 1 0 0 0 0 1 0 0 1 0 0 0 1 1 1 0 0 0 0 1 1 1 0 1 1 0 0 0 0 1 0 0 0 0 0 0 0 1 0 1 1 1 1 0 1 1 1 1 1 1 0 1 0 0 0 1 1 1 1 1 0 0 0 1 0 0 1 1 1 0 0 1 0 0 0 0 0 1 1 0 0 0 1 0 0 0 0 0 0 0 0 1 0 0 0 0 0 0 1 0 1 0 0 0 0 0 0 1 1 0 1 0 0 1 0 1 0 0 0 1 1 1 1 0 0 0 1 0 1 0 0 0 0 0 0 1 1 0 1 1 1 1 1 0 1 0 1 0 0 0 0 1 1 0 0 1 0 0 1 0 0 1 0 0 0 0 0 1 0 1 0 1 1 0 1 1 0 0 0 0
1 0 0 1 0 1 1 0 0 0 0 0 1 1 1 0 0 1 0 0 0 0 1 1 1 0 0 0 0 0 0 1 1 0 1 0 0 1 1 1 0 0 0 0 0 1 0 0 0 1 1 1 1 1 0 0 0 1 0 1 0 0 0 0 0 1 0 0 0 1 1 1 1 0 0 0 0 0 0 0 0 0 0 0 1 1 1 0 0 1 0 0 1 1 0 1 1 1 0 0 1 0 0 0 0 0 0 0 0 0 0 0 1 0 0 0 0 1 0 0 1 0 1 0 1 0 1 0 1 1 0 1 0 0 0 0 0 0 1 0 1 0 0 1 0 0 1 1 1 1 1 0 0 0 0 0 0 1 1 0 1 0 1 0 0 1 1 0 0 0 0 1 0 0 1 0 0 0 0 0 1 1 0 1 1 0 1 0 1 0 0 0 0 1 1 0 0 1 1 1
0 0 0 1 1 0 1 1 1 0 1 1 0 0 1 1 1 0 0 0 0 0 1 0 0 0 0 1 0 1 0 0 1 1 0 0 0 0 1 0 0 0 0 1 1 1 1 1 1 0 1 1 1 0 0 0 0 0 0 0 1 0 1 1 0 0 0 1 0 1 1 0 0 0 1 1 1 0 0 0 0 0 1 0 0 0 1 0 0 0 0 1 0 1 0 0 0 0 0 0 0 0 1 1 0 0 0 1 1 0 0 1 0 0 0 0 0 0 0 1 0 0 0 0 0 0 0 0 0 0 0 0 0 0 0 0 1 0 0 0 0 0 0 0 1 1 0 0 0 0 0 1 0 1 1 0 1 0 1 1 0 0 1 1 0 0 0 1 0 0 0 1 0 0 0 0 0 0 0 0 1 0 0 1 1 0 1 1 0 0 0 1 0 0 1 1 0 1 1 0
0 0 1 1 0 0 0 1 0 1 0 0 0 1 1 0 0 0 0 0 1 0 0 0 1 1 0 1 1 0 0 1 0 0 0 0 0 1 1 0 0 0 0 0 1 0 0 1 1 1 1 0 0 0 1 0 0 0 0 1 0 1 0 0 0 0 1 0 0 1 1 1 1 0 0 0 0 0 0 1 0 1 0 1 0 1 0 0 0 1 1 0 0 0 0 0 0 0 0 1 0 1 0 1 0 0 0 0 1 0 0 0 0 0 0 1 1 1 0 1 0 0 1 0 0 0 1 0 0 0 0 0 0 0 0 1 0 0 0 1 1 1 0 1 0 0 1 0 0 0 1 0 0 1 0 1 1 0 1 0 0 1 0 0 0 1 0 0 0 0 1 0 1 0 0 1 0 0 1 0 1 1 0 0 0 0 1 0 0 0 0 0 1 1 0 0 0 0 1 0
1 0 0 0 0 0 1 0 1 0 0 0 1 0 1 0 1 0 0 0 0 1 0 0 0 1 0 0 0 1 1 0 1 0 1 1 1 0 1 0 0 0 1 0 0 0 0 1 0 1 1 0 1 0 0 0 0 0 0 0 0 0 0 1 0 1 0 0 1 1 0 0 0 0 1 0 0 0 0 1 1 0 0 0 0 1 0 0 1 0 0 1 1 0 0 0 0 1 0 0 0 0 0 1 1 0 0 1 0 1 1 0 0 1 0 1 0 0 0 0 1 0 1 1 0 0 1 0 0 1 0 1 1 1 0 1 0 0 0 1 1 0 0 0 0 1 0 0 0 0 0 1 1 0 1 0 1 0 1 0 1 0 0 0 1 1 0 0 1 0 0 0 0 0 0 0 0 1 0 0 1 0 0 1 1 0 0 0 0 0 1 0 0 1 1 1 1 0 0 0
0 1 0 0 0 0 1 0 1 0 1 0 0 1 0 1 1 0 0 1 1 0 0 0 0 0 0 0 0 1 1 0 0 0 0 1 1 0 0 0 0 0 0 1 0 0 0 1 1 0 0 0 0 1 0 1 0 0 0 0 1 1 1 0 1 0 1 0 1 0 0 0 0 1 1 0 0 1 1 0 0 0 0 0 1 0 0 0 0 0 0 0 0 0 0 0 0 0 1 1 1 1 0 1 0 1 0 0 0 1 0 0 1 1 1 0 0 0 0 1 1 1 0 1 0 1 1 0 1 1 0 1 1 0 1 1 0 1 0 0 0 0 0 0 1 1 0 1 0 0 0 0 0 0 1 1 0 0 0 0 0 0 1 1 0 0 0 0 0 0 0 0 0 1 0 0 0 1 1 0 0 0 1 0 0 0 0 0 0 0 0 0 0 1 1 0 0 0 0 0
0 0 1 0 1 1 0 0 0 0 0 1 1 0 1 0 0 1 1 0 1 1 1 1 1 0 1 0 0 0 0 0 0 1 0 1 0 0 0 0 1 1 0 0 1 1 0 1 0 0 0 0 0 1 0 0 0 0 0 0 1 1 1 0 0 1 0 0 0 1 0 1 1 1 0 0 0 1 0 0 1 0 0 1 0 0 1 0 0 0 1 0 1 0 1 0 1 0 0 1 0 0 0 0 0 0 0 0 0 0 0 1 1 1 0 0 0 0 1 1 0 0 0 1 1 1 0 0 0 0 0 0 0 0 1 0 0 0 1 1 0 1 0 1 0 0 0 0 0 1 0 0 1 0 0 0 0 1 0 1 0 1 0 1 0 1 1 0 1 1 0 0 0 1 0 0 1 0 0 0 0 1 0 1 1 0 0 0 0 1 0 0 1 0 0 0 1 0 1 0
0 0 0 0 1 0 0 0 0 0 0 1 0 0 0 0 1 0 1 0 0 1 1 1 0 1 0 0 0 0 0 0 0 0 0 0 0 0 0 1 0 0 1 1 0 1 1 0 1 0 0 0 0 1 1 0 1 0 1 1 1 0 0 0 1 0 0 1 0 1 0 1 0 0 0 0 1 0 0 0 1 1 0 0 0 1 1 0 0 0 1 0 0 0 0 0 0 1 0 1 1 1 1 0 1 1 0 1 0 0 1 0 0 0 0 1 1 0 0 1 0 0 1 1 0 0 0 0 0 0 0 0 0 0 0 0 0 0 0 1 0 1 0 1 1 0 0 1 0 1 1 0 0 0 0 0 0 1 1 0 1 1 0 1 1 1 0 0 0 0 0 0 0 1 1 1 0 1 0 0 0 1 0 0 0 0 0 1 0 0 1 1 0 1 1 0 1 1 1 0
0 1 1 0 0 0 0 1 1 0 1 0 1 0 1 0 1 0 1 1 1 0 0 0 0 1 0 0 1 0 1 0 0 0 1 0 0 0 1 0 0 0 0 0 0 0 0 1 0 0 0 0 1 0 0 0 0 0 0 0 0 0 0 0 1 0 1 0 0 1 1 0 0 0 0 1 0 0 0 1 0 0 1 1 0 0 0 0 1 0 1 0 0 0 1 1 0 0 1 0 1 1 0 0 0 0 1 0 0 0 1 0 1 1 0 0 1 1 0 0 0 0 0 0 1 0 0 0 0 0 1 1 1 0 1 0 1 0 1 0 1 1 0 1 0 0 1 0 0 1 0 1 1 1 0 1 0 0 0 0 1 0 0 1 1 1 1 0 0 0 0 1 0 1 0 0 1 1 0 0 0 0 0 1 1 0 0 0 0 0 1 0 0 0 1 1 0 0 1 1
1 0 1 0 0 1 0 0 0 0 1 0 0 1 0 0 1 0 1 1 1 1 0 1 0 0 1 0 0 0 0 1 1 1 1 0 0 1 0 0 0 0 0 0 0 1 0 1 0 0 0 1 0 1 1 0 1 1 0 1 1 0 1 0 0 1 0 0 0 1 1 0 0 0 0 0 1 0 0 1 0 0 0 0 0 0 0 0 0 1 0 0 0 0 0 1 1 0 0 1 0 0 0 0 0 0 1 0 0 0 0 1 0 0 0 0 0 0 1 0 0 0 0 0 0 1 1 1 0 0 0 0 0 1 0 0 1 1 0 0 1 0 1 0 0 1 1 0 0 0 0 1 0 1 1 0 0 0 1 1 1 0 0 0 0 0 0 1 0 1 0 0 1 1 1 1 1 0 0 0 0 0 1 0 1 0 0 0 1 1 0 0 0 1 0 0 1 1 0 1
1 0 0 0 1 0 0 1 0 0 1 1 0 0 0 1 1 0 0 0 1 1 0 0 1 1 1 0 1 0 0 1 0 1 0 1 0 1 0 0 0 1 1 0 0 1 0 1 1 0 0 0 0 0 1 1 0 0 1 1 1 0 0 1 0 0 1 0 0 1 1 0 1 0 0 0 1 0 1 0 0 0 1 0 1 1 0 0 1 0 1 1 1 1 1 1 0 1 0 0 1 1 1 1 1 0 0 0 0 0 0 1 0 0 1 0 1 1 0 1 0 1 1 0 0 0 0 1 1 1 0 1 1 1 0 0 0 0 0 1 0 0 0 0 1 0 1 0 0 1 0 0 0 1 1 1 0 1 0 0 1 1 0 0 0 0 1 0 0 0 1 0 0 0 0 1 0 1 0 1 0 0 1 0 0 1 0 0 0 1 0 0 1 0 1 0 1 1 0 1
0 0 1 0 0 0 0 0 0 1 0 1 0 1 0 0 0 0 0 1 0 1 1 1 0 0 0 1 0 1 0 1 1 0 0 0 0 1 0 0 0 0 0 0 1 1 0 1 1 0 1 0 1 1 0 1 0 1 0 0 1 1 0 0 0 1 1 0 0 0 1 1 1 0 1 0 0 0 0 0 0 0 0 0 1 0 0 0 0 1 1 0 0 1 1 0 1 1 0 1 0 1 1 0 0 0 0 0 0 0 1 0 0 0 1 1 0 0 0 0 0 0 0 0 0 0 1 0 0 1 1 0 0 1 0 1 0 0 1 1 0 0 1 0 0 1 0 0 0 1 1 1 1 0 1 0 0 0 0 0 0 1 0 0 0 0 1 0 1 0 1 1 1 0 1 0 0 0 0 1 1 0 0 0 1 0 1 0 1 1 0 0 1 1 0 0 0 1 1 1
0 1 0 0 0 1 0 0 1 1 0 1 1 0 1 1 0 0 0 0 0 1 0 0 0 0 0 0 1 0 0 0 0 0 0 0 0 1 1 1 1 0 0 1 1 0 0 0 1 0 1 0 1 0 0 0 0 0 0 0 0 0 0 1 1 0 1 0 0 0 0 0 0 1 0 0 0 1 0 0 0 1 0 1 0 1 1 1 0 0 0 0 0 0 0 0 1 0 0 0 1 1 0 0 1 0 0 0 0 0 1 0 1 0 0 1 0 1 0 0 0 1 1 0 0 0 0 0 0 1 1 0 0 0 0 1 0 1 1 1 0 0 1 0 0 1 0 0 0 0 1 0 0 1 1 0 0 1 0 1 0 0 0 0 1 0 0 1 1 0 1 0 1 0 1 1 1 0 1 0 1 0 0 0 0 0 1 1 1 1 1 0 1 0 0 0 1 0 0 0
1 0 0 1 1 0 0 0 0 1 0 0 1 0 1 1 0 1 0 0 0 1 0 0 0 0 1 0 1 1 0 1 0 0 1 0 1 0 0 1 0 1 0 1 1 0 1 0 1 0 0 0 0 0 1 1 1 0 0 0 0 1 0 0 0 1 0 1 0 1 0 0 0 0 1 0 1 1 0 1 0 1 1 0 1 1 1 0 1 1 1 0 1 0 0 0 0 0 0 1 0 1 0 1 0 0 0 1 0 0 1 0 0 0 0 0 1 0 0 0 0 0 0 0 0 0 0 1 0 1 0 0 0 0 1 0 0 0 0 0 0 0 0 0 0 0 0 1 0 0 1 1 0 0 0 0 0 0 1 0 1 0 0 1 0 0 0 0 0 0 0 0 1 0 1 0 0 1 0 0 0 0 1 0 0 0 1 0 0 0 1 0 0 0 0 0 1 0 0 0
0 0 0 0 0 1 0 1 1 0 1 1 1 1 1 1 0 1 0 0 0 1 0 0 1 0 0 0 1 1 0 1 0 0 1 0 0 0 0 1 1 0 0 0 0 1 0 0 0 1 0 1 0 1 0 0 0 1 0 0 0 0 0 0 0 1 0 0 0 1 0 1 0 1 1 1 1 0 0 1 1 1 1 0 0 0 0 0 0 0 0 0 0 1 0 0 0 0 0 0 1 1 1 0 0 0 1 0 0 0 0 1 1 1 0 1 0 1 0 0 0 0 0 0 1 0 0 1 0 0 0 0 1 0 0 0 0 0 0 0 0 0 0 1 0 0 0 1 0 1 0 0 0 0 1 0 0 1 0 0 1 0 0 0 0 0 0 0 0 0 0 1 0 1 0 0 1 1 1 0 0 1 0 1 0 1 0 1 0 0 0 1 1 0 0 1 0 0 0 1
0 0 0 1 1 0 0 1 0 1 0 1 0 1 0 1 0 0 1 0 0 1 1 1 0 0 0 0 0 1 0 0 0 1 0 0 0 0 1 0 0 1 0 0 0 1 1 0 0 0 0 1 0 0 0 0 1 0 1 0 0 0 1 0 0 0 0 0 0 0 1 0 1 1 1 0 0 0 0 1 0 0 0 0 0 1 0 0 0 0 1 1 1 1 0 1 1 1 0 1 0 1 1 1 0 1 0 0 0 0 1 0 0 0 1 0 0 0 0 1 1 0 1 0 1 0 1 0 0 0 1 0 0 0 0 1 0 1 0 1 1 1 1 0 0 0 0 0 0 1 0 0 1 1 0 1 0 1 0 0 0 1 0 0 0 1 0 0 0 1 1 1 0 1 1 0 1 1 1 0 0 1 0 0 1 0 0 0 1 1 1 1 0 0 0 0 1 0 1 0
1 0 0 0 0 0 0 0 0 0 1 1 0 0 0 1 0 0 0 0 0 1 1 0 0 0 1 1 0 0 0 1 0 1 0 0 1 0 0 0 1 1 1 0 0 1 0 0 1 1 1 0 0 0 1 1 0 0 1 1 0 0 0 0 1 0 1 1 0 1 0 1 1 0 0 1 0 0 0 0 0 0 1 1 1 1 1 1 0 1 0 1 0 1 1 0 0 1 0 0 1 1 1 0 0 0 1 0 0 0 0 1 1 0 0 0 0 1 0 0 0 1 0 1 1 0 1 0 0 0 0 1 0 0 1 0 1 1 0 0 0 0 1 0 1 1 1 0 0 0 1 0 0 0 0 1 0 1 0 0 0 1 0 0 0 0 1 1 0 1 1 0 0 0 1 1 1 1 1 1 1 1 0 1 0 1 0 0 1 0 0 0 0 0 1 0 0 0 1 0
0 1 1 1 1 0 0 0 0 1 1 0 0 1 0 0 0 1 0 0 0 0 0 0 0 1 0 0 0 0 0 1 0 0 0 0 0 1 1 1 1 0 1 1 0 0 0 0 0 0 0 0 1 0 1 0 1 0 1 1 1 0 1 0 1 1 0 0 0 0 0 0 0 1 1 0 1 0 0 0 1 0 1 1 1 0 0 1 0 0 1 1 0 0 1 0 1 0 0 0 0 1 0 0 1 0 1 1 1 0 0 0 0 0 0 0 1 0 0 1 0 0 0 1 0 1 1 0 0 0 0 0 1 0 0 0 1 0 0 0 1 0 1 1 1 0 0 1 0 0 0 0 0 1 0 1 0 0 1 0 1 0 1 1 0 0 0 1 1 0 0 0 1 0 1 0 0 0 0 1 0 1 1 0 0 1 0 1 0 0 0 1 0 1 0 1 0 0 1 1
1 0 0 1 1 0 1 1 0 1 0 1 1 0 0 0 1 1 0 0 1 1 0 1 0 0 1 1 0 0 1 0 0 0 0 1 0 0 1 0 0 0 0 1 0 0 0 0 0 1 1 0 1 1 0 0 0 1 0 0 0 1 0 1 1 1 0 0 0 0 0 0 0 1 0 0 0 0 1 0 0 0 0 1 0 0 0 0 0 0 0 0 0 1 0 1 0 0 1 1 1 0 1 1 1 0 0 1 1 0 0 0 1 1 1 0 0 0 1 1 0 0 0 0 0 0 1 1 1 0 0 0 0 0 0 1 0 1 0 0 0 1 0 1 0 0 0 0 1 1 1 0 0 1 1 1 0 0 1 0 0 0 1 1 0 1 0 0 0 1 1 0 1 0 0 0 0 1 0 0 0 0 0 1 0 1 0 0 0 0 0 0 0 0 0 1 0 1 0 1
0 1 1 1 0 0 0 1 0 0 1 1 0 1 0 0 0 0 1 0 0 0 1 1 0 1 1 0 0 0 0 1 0 1 1 1 0 1 0 1 0 1 0 0 1 1 1 0 1 1 0 1 1 1 0 0 0 1 1 1 1 1 0 0 1 0 1 0 0 1 0 0 1 0 0 0 0 0 1 0 1 1 0 0 0 0 1 0 1 0 1 0 0 1 1 1 1 0 0 1 0 0 0 0 0 1 0 0 0 1 1 1 1 0 0 1 0 0 0 0 0 0 0 0 0 0 0 0 0 1 0 0 1 1 0 0 0 0 1 0 0 0 1 0 0 0 0 0 1 0 1 0 0 0 0 0 1 0 0 0 0 1 0 0 1 0 0 1 1 0 0 1 1 1 0 0 1 1 0 1 0 0 0 1 0 0 1 1 1 0 1 1 0 0 1 1 0 1 0 1
0 0 0 0 0 0 0 1 0 1 0 1 0 0 0 0 0 0 0 0 0 0 0 0 1 0 1 0 0 1 0 1 0 0 1 0 1 1 1 0 1 0 0 0 1 0 0 0 1 1 0 0 1 1 1 0 0 1 0 1 0 1 0 1 0 0 0 1 1 0 0 0 1 0 0 0 1 0 1 0 1 1 0 1 0 1 0 0 1 0 0 0 0 1 1 0 0 1 0 0 1 0 0 1 0 0 0 1 1 0 1 0 1 0 1 1 0 0 1 1 0 0 1 0 0 1 1 0 0 0 0 1 1 0 0 0 1 0 0 0 0 1 0 1 0 0 0 0 0 0 0 0 0 0 0 0 0 1 0 0 0 0 0 1 1 0 1 0 1 1 0 0 0 0 0 0 1 1 1 0 0 0 1 1 0 0 1 0 1 1 0 1 0 0 1 0 0 0 0 1
1 0 0 0 0 0 0 0 0 0 0 1 1 0 0 1 0 1 0 0 0 0 1 0 0 0 0 0 0 0 1 0 1 0 0 1 0 1 1 0 0 0 0 0 0 1 0 0 1 0 1 0 0 0 1 1 1 1 0 0 0 1 0 1 1 0 0 1 0 1 1 0 0 1 1 0 0 0 1 0 0 0 0 1 0 0 0 1 1 0 0 0 1 0 1 0 0 1 0 1 1 0 0 1 0 0 1 1 1 1 1 1 0 0 1 0 1 0 0 0 0 0 1 0 1 1 1 0 0 1 0 1 1 1 0 1 0 1 0 0 0 0 0 0 1 0 1 0 0 1 1 1 0 1 0 1 0 0 0 1 0 0 1 0 0 1 0 1 1 1 0 1 1 1 0 0 1 0 0 0 1 1 1 0 0 0 0 0 0 0 1 1 1 0 0 1 1 1 0 0
0 1 0 1 0 1 0 1 0 0 1 0 1 0 0 0 0 1 1 0 1 1 1 0 1 1 0 0 0 0 0 1 1 0 0 1 1 1 1 0 0 0 1 1 0 0 1 0 0 0 1 0 0 1 1 0 0 1 0 0 1 0 0 0 1 1 0 0 1 1 1 0 0 0 1 0 0 0 0 0 1 0 0 0 0 0 1 0 0 0 1 0 0 0 0 1 0 0 0 0 1 0 1 1 0 0 1 1 0 1 1 0 0 0 0 1 1 0 0 1 1 0 1 0 1 0 0 0 0 0 0 0 1 1 0 0 1 1 0 0 0 1 1 1 1 0 1 0 0 0 0 1 1 0 1 0 0 0 1 1 1 0 0 1 0 0 1 1 0 0 1 1 0 1 0 0 0 0 0 1 0 0 0 1 0 0 0 1 1 0 0 0 0 1 0 0 0 1 1 0
0 0 0 0 0 1 1 1 0 1 1 0 0 1 1 1 0 1 1 0 1 1 0 0 1 1 1 0 0 0 1 0 0 0 1 0 0 1 1 0 0 0 0 1 0 0 1 0 1 0 0 0 1 0 0 1 1 0 1 0 1 1 0 0 1 1 0 0 0 0 1 0 0 1 0 1 0 1 0 0 1 0 0 0 1 0 1 0 0 0 1 1 1 0 0 0 0 0 0 1 0 1 0 0 1 1 1 0 0 0 0 0 0 0 1 0 0 0 1 1 0 1 0 0 1 1 1 0 1 0 0 0 0 1 0 1 0 0 0 0 1 1 0 0 1 1 0 1 1 1 0 1 0 1 0 0 0 0 0 1 0 1 1 0 1 0 0 1 0 1 0 0 1 0 0 0 1 0 1 0 0 0 0 0 0 0 1 0 0 1 0 1 1 0 1 0 0 0 1 0
1 0 1 1 1 1 0 0 0 1 0 0 1 1 0 0 1 0 0 0 0 1 1 0 1 0 1 1 0 1 0 0 1 1 0 0 0 0 0 1 1 1 0 0 0 1 0 0 1 0 1 1 0 0 1 0 0 0 1 1 1 0 0 0 1 1 0 0 1 1 0 0 1 0 1 1 1 1 1 0 1 1 0 0 1 1 0 1 0 0 0 0 0 0 1 0 1 1 1 0 1 0 0 0 1 0 1 1 0 1 0 0 0 1 0 1 0 1 0 1 0 1 0 1 1 1 1 0 1 0 0 1 1 0 0 1 1 0 0 0 1 0 0 0 0 0 0 1 0 0 1 1 0 0 0 1 1 0 1 0 1 1 0 1 1 1 0 1 1 0 0 0 0 0 0 0 0 0 1 1 1 0 0 0 1 0 0 1 0 0 0 1 0 1 0 0 0 1 0 0
0 0 1 0 1 1 0 0 0 1 0 0 0 0 1 0 1 0 1 0 0 0 1 0 1 0 0 0 0 1 0 0 0 0 0 0 0 0 0 0 0 0 1 0 0 0 0 0 0 1 0 1 0 0 0 0 0 0 0 0 1 0 1 0 1 1 0 1 1 0 0 0 1 0 0 1 0 0 0 1 0 1 0 1 0 0 0 1 0 1 0 0 0 0 0 1 0 1 0 1 1 0 0 0 1 0 1 1 0 0 1 0 0 0 1 0 0 0 1 0 0 0 0 1 0 0 0 0 0 1 1 0 0 1 1 1 1 0 1 0 0 0 0 0 0 0 1 1 0 0 0 1 0 1 1 0 1 0 1 0 0 1 0 0 0 0 1 0 1 0 1 1 1 1 1 0 1 1 0 0 0 0 0 1 0 0 0 0 0 0 1 1 0 0 0 0 0 0 1 1
0 1 1 0 1 0 0 0 1 1 0 0 0 1 0 0 0 0 0 1 0 0 0 0 0 0 1 0 0 1 0 0 0 1 0 1 0 0 1 1 0 0 0 1 0 0 0 0 1 0 0 0 1 1 0 1 1 0 1 0 0 0 0 1 1 1 1 0 1 1 1 0 0 0 1 0 1 1 0 0 0 1 0 0 0 1 0 0 0 0 0 0 1 0 0 0 0 1 0 0 0 1 0 0 1 0 1 0 0 1 0 0 0 0 0 0 0 1 1 0 0 0 1 0 1 0 0 0 0 1 1 0 0 0 1 1 0 1 0 0 0 0 0 0 1 1 1 0 1 1 1 1 0 1 1 0 1 0 1 0 0 0 1 1 1 1 0 0 1 0 1 1 0 0 1 1 0 1 0 0 0 0 0 1 0 0 1 0 1 0 0 0 0 0 1 1 0 0 0 0
0 0 1 0 1 0 0 0 0 0 0 0 0 1 0 1 0 0 0 0 1 1 0 1 0 0 1 0 0 1 1 1 0 0 1 0 1 1 1 1 0 0 0 1 0 1 0 0 1 1 0 0 0 1 0 1 1 0 0 0 0 1 0 0 0 0 1 0 1 0 0 0 0 1 1 0 0 0 0 1 1 1 0 0 0 0 0 0 0 0 0 1 1 0 0 0 1 0 1 0 0 1 1 0 1 1 0 0 0 0 1 0 0 0 1 0 0 0 0 0 0 1 0 1 1 0 0 1 0 0 0 0 1 0 0 1 1 1 0 0 0 0 1 1 1 0 0 0 0 0 1 0 0 1 1 0 1 1 1 0 1 0 1 0 0 0 0 0 1 1 0 0 0 0 0 1 0 0 1 0 0 1 0 0 1 0 0 1 0 0 0 0 0 1 0 1 0 0 0 0
1 1 1 1 0 1 0 0 0 0 0 1 0 0 1 0 0 0 0 0 0 1 0 0 0 0 0 1 0 0 0 1 1 1 0 1 0 0 0 0 1 0 0 1 1 0 1 0 0 0 1 0 1 1 0 0 0 0 0 1 0 0 0 0 0 0 1 1 1 0 1 0 1 1 0 0 0 1 1 0 1 0 0 0 1 1 1 0 0 0 0 1 0 1 0 1 0 1 0 0 0 0 1 0 0 0 1 0 0 1 0 0 0 0 0 0 1 0 0 1 0 1 0 1 1 0 0 0 0 0 1 1 0 1 0 0 1 1 0 0 1 0 0 0 0 0 0 0 0 0 1 0 1 1 1 0 0 0 0 0 1 0 0 0 0 0 0 0 0 1 1 0 0 0 1 1 0 0 0 0 0 1 0 0 1 1 0 0 0 0 0 1 1 0 0 1 0 1 1 1
1 0 1 1 1 1 1 1 1 1 0 1 0 1 1 0 1 0 1 0 1 1 0 1 1 0 0 1 0 0 0 0 0 1 0 0 1 0 0 0 0 0 1 0 1 0 0 1 0 1 1 1 0 1 1 1 0 0 0 0 1 0 0 0 0 0 0 0 0 0 0 1 0 0 0 1 0 0 0 0 0 0 0 0 0 0 1 1 0 0 0 0 0 0 1 0 0 1 1 0 1 0 1 1 0 0 0 0 1 0 0 1 1 1 1 1 0 1 1 0 1 0 0 0 1 1 0 0 0 0 0 0 0 1 1 0 0 0 0 1 0 0 1 0 0 1 1 1 0 0 1 0 1 1 0 0 0 1 0 0 0 0 0 0 0 0 1 0 1 0 0 1 0 0 0 0 0 1 0 1 1 0 1 0 0 1 1 1 1 0 0 1 0 1 0 0 0 0 0 0
0 1 1 1 0 0 0 1 0 0 0 0 1 1 0 0 1 0 0 0 0 0 0 0 1 0 1 0 1 1 1 0 1 0 0 1 0 0 1 0 1 0 0 0 1 0 0 0 0 0 0 1 0 0 1 1 1 1 0 0 1 1 0 0 1 1 0 0 0 0 1 0 1 1 0 0 0 1 0 1 1 0 1 0 0 0 0 0 0 0 1 0 0 1 0 0 0 0 0 0 0 0 1 1 0 0 0 0 0 0 1 0 0 1 0 0 1 1 0 1 0 0 0 0 1 0 0 1 0 1 1 0 1 0 0 1 0 0 0 1 1 0 1 1 1 0 0 1 1 0 0 0 1 0 0 0 1 0 0 0 0 1 0 1 1 1 1 1 1 0 1 0 0 1 0 0 1 0 0 1 1 1 1 0 0 0 1 0 0 0 0 0 0 0 1 1 0 0 1 0
0 0 0 0 1 0 1 0 1 1 0 0 0 0 0 1 0 0 0 0 1 1 0 0 1 0 0 1 0 0 1 1 1 1 1 0 1 0 0 1 0 0 1 1 0 0 0 0 1 0 0 0 0 1 0 0 0 1 0 1 1 1 0 1 0 1 0 1 1 0 1 1 0 1 0 1 0 0 0 0 1 0 0 0 0 0 0 1 0 0 0 0 1 1 0 0 0 0 0 1 0 0 1 1 0 0 1 1 0 1 0 0 0 1 1 0 1 0 0 1 0 0 0 1 1 1 1 0 0 1 0 0 0 1 0 0 1 1 1 1 1 1 0 0 0 0 0 0 1 0 1 0 1 1 0 0 0 0 0 1 0 1 0 1 1 0 0 0 0 1 0 0 0 0 0 0 0 0 0 1 1 0 0 1 0 0 0 0 0 0 1 0 0 0 0 1 0 1 0 1
1 0 1 0 0 1 0 0 1 0 1 0 1 1 0 1 0 0 1 0 1 0 0 0 0 0 1 1 1 1 0 0 1 1 1 1 1 0 1 1 1 0 0 1 0 1 0 0 1 1 0 0 1 0 0 0 0 0 1 1 1 0 0 0 0 0 0 0 1 1 0 0 1 0 1 0 1 0 1 1 0 0 0 1 0 0 1 1 0 1 0 1 0 0 1 1 0 0 0 0 1 1 0 1 0 0 1 0 0 1 1 1 0 0 0 0 1 0 0 1 1 0 0 1 0 0 1 1 0 0 1 1 0 0 0 0 0 0 1 0 0 0 0 1 1 0 1 0 0 0 1 0 0 0 0 1 0 0 0 1 1 1 0 1 1 0 1 1 0 0 0 0 0 0 1 0 1 1 1 0 1 1 0 0 0 0 0 0 0 0 0 1 1 0 1 1 0 1 1 0
0 1 1 0 1 0 0 0 0 0 1 1 0 1 1 0 1 0 1 0 0 0 1 1 0 0 0 1 1 0 1 0 0 0 1 1 0 0 0 1 0 1 1 0 0 1 1 1 1 1 0 0 0 0 0 0 0 1 0 1 1 0 0 1 0 1 1 1 0 1 1 1 1 0 0 0 0 1 1 0 0 1 1 0 0 0 1 0 0 1 1 0 0 0 0 0 0 1 1 1 0 0 0 0 1 1 0 1 0 1 0 0 0 1 1 0 0 0 0 1 1 1 1 1 1 0 1 1 1 0 0 0 1 0 1 0 0 0 0 0 0 0 0 0 1 0 0 0 0 0 1 0 0 1 0 1 1 0 0 1 0 1 0 1 0 1 1 0 1 0 0 0 1 0 0 1 1 0 0 0 1 1 1 0 0 0 0 1 0 0 0 0 1 0 0 0 0 0 0 0
1 1 1 0 1 0 0 0 1 0 1 1 0 0 0 1 1 0 0 0 0 0 1 1 1 0 0 1 0 0 1 0 1 1 0 0 0 0 1 0 0 0 0 1 0 1 0 1 0 0 0 0 0 0 1 1 0 1 0 1 1 0 0 1 1 0 1 0 0 1 0 0 0 0 0 0 0 0 0 1 1 0 0 0 1 1 0 0 0 0 1 1 0 1 0 1 1 1 1 0 0 0 1 0 1 0 1 0 0 1 0 0 0 0 0 1 0 0 1 0 0 1 0 1 1 0 1 0 0 1 1 0 0 1 0 1 0 0 0 0 1 0 0 0 0 0 1 1 1 1 0 1 1 0 0 1 0 0 1 1 1 0 0 1 0 0 0 0 0 1 1 0 0 0 1 0 1 0 0 1 0 0 1 0 0 0 0 0 1 1 0 0 0 1 1 0 0 0 0 1
0 1 0 0 0 1 0 1 1 0 0 1 1 0 0 0 0 1 0 1 1 0 0 1 1 1 0 0 1 0 0 0 0 0 0 1 1 1 0 0 1 0 1 1 1 1 0 1 1 0 1 0 0 0 0 0 0 0 1 1 0 0 0 1 0 0 0 0 0 1 1 0 0 0 0 1 1 1 1 0 0 1 0 0 1 0 0 1 1 1 0 0 1 0 0 0 1 0 0 0 0 1 1 1 0 0 1 1 0 0 0 1 0 0 1 0 0 1 0 0 1 0 0 1 0 0 0 1 0 1 0 1 1 0 0 0 0 1 1 0 0 1 0 0 0 0 1 0 1 0 0 0 1 0 0 0 1 1 0 1 0 0 0 0 1 0 0 0 0 0 0 0 0 1 0 0 0 0 0 1 0 0 1 0 0 0 1 0 0 0 1 0 1 1 0 0 0 0 0 0
0 0 0 1 0 0 0 1 0 0 0 0 0 0 1 0 0 0 1 1 1 1 0 0 0 0 0 0 0 1 0 0 1 0 1 0 1 1 1 1 0 0 0 1 1 0 0 1 0 0 0 0 0 0 0 0 1 1 1 0 0 0 1 1 1 0 1 0 1 1 0 1 1 1 0 0 0 1 0 0 0 0 0 0 0 1 0 0 0 1 0 1 0 1 0 1 0 1 1 1 1 0 0 1 1 0 0 0 0 1 0 0 1 0 1 1 0 0 1 0 0 1 0 0 0 1 0 1 0 0 1 1 1 1 0 0 1 0 0 0 1 0 1 1 1 0 1 0 1 1 1 0 0 1 0 1 0 1 0 1 1 0 0 1 1 0 1 0 0 1 0 1 1 0 0 1 0 1 1 1 0 1 1 0 0 0 0 0 1 0 0 0 0 0 0 0 1 0 0 1
0 0 1 1 1 1 1 1 0 0 0 0 0 0 0 0 1 0 0 0 1 1 0 0 1 0 0 1 1 0 0 0 0 0 0 0 0 1 0 0 0 0 0 0 0 1 1 1 1 0 0 1 0 0 0 1 0 0 1 0 0 1 1 1 1 0 0 0 0 0 1 1 0 1 1 1 0 1 0 0 1 1 1 0 0 1 0 0 0 1 0 0 0 1 0 1 1 1 1 1 0 0 0 0 0 1 0 0 0 0 1 1 0 0 1 1 0 0 0 1 1 0 0 1 1 0 1 0 0 0 1 0 1 0 0 0 1 0 0 1 1 0 0 1 1 0 0 0 0 0 1 0 1 1 0 1 0 0 0 1 1 1 0 1 1 0 0 1 1 0 0 0 0 0 0 0 0 1 1 1 0 0 0 0 0 0 0 1 1 0 0 0 0 0 0 0 0 1 0 1
0 1 1 0 0 1 0 1 0 0 1 0 0 0 0 1 1 0 0 0 0 0 0 1 1 0 0 1 0 1 0 0 1 0 0 1 0 1 1 1 0 0 0 0 1 0 0 0 1 1 0 0 0 0 0 0 0 0 0 1 1 1 0 0 0 0 0 0 1 0 1 0 0 0 1 0 1 1 0 0 1 0 1 0 0 0 1 0 0 1 0 1 0 0 1 1 0 1 0 1 1 0 1 1 0 1 0 0 1 0 0 0 0 1 0 1 0 1 1 0 0 0 1 0 0 1 0 0 0 1 1 1 1 0 0 0 0 0 0 1 0 0 0 1 0 0 0 0 1 1 0 0 0 1 1 0 0 0 1 0 1 0 0 0 0 1 1 0 1 0 1 0 1 0 0 0 1 0 0 0 1 0 1 0 0 0 1 1 1 0 1 0 1 1 0 1 0 1 1 0
0 1 1 0 1 0 0 0 0 0 1 1 0 0 0 1 0 0 1 1 1 1 0 1 0 1 0 0 0 0 0 1 1 1 0 0 0 0 0 1 0 0 0 1 0 0 0 0 1 0 1 1 1 1 1 0 0 1 0 0 0 1 0 0 0 0 0 0 0 0 1 0 1 0 0 1 0 0 1 1 1 0 1 0 1 0 1 0 0 0 1 0 1 0 1 1 1 0 0 0 0 0 0 0 0 1 1 0 0 1 1 0 1 1 0 0 0 0 1 0 1 1 0 0 0 1 1 0 1 1 1 0 1 1 1 0 0 1 0 0 1 1 0 0 0 0 0 0 0 1 0 0 1 0 0 0 1 0 0 1 1 0 1 0 0 0 1 0 0 1 0 0 0 1 1 0 1 0 0 1 0 0 0 0 0 0 0 0 0 0 1 0 1 0 0 1 1 0 0 0
0 0 0 0 1 0 1 1 0 0 1 1 0 1 0 0 0 1 0 0 0 0 1 1 1 1 0 0 0 0 1 0 0 1 1 1 0 1 1 1 1 0 1 1 0 0 1 1 0 0 0 0 0 0 1 1 1 1 1 0 0 0 0 1 1 0 0 0 1 1 0 1 0 0 0 0 0 0 1 0 0 0 0 1 0 1 0 0 1 0 1 0 0 1 1 0 1 0 1 0 1 1 0 0 0 0 0 1 0 0 1 0 1 0 0 0 1 1 1 1 0 0 1 0 0 0 1 0 0 0 0 0 0 1 0 1 0 0 1 0 0 0 0 1 0 0 0 0 0 1 1 0 0 0 0 1 1 0 0 0 0 1 1 1 0 0 0 0 0 0 1 1 0 0 0 0 0 0 0 0 1 1 0 1 1 0 0 0 0 0 0 0 1 0 0 0 0 0 0 0
0 0 1 0 0 1 1 0 0 1 0 1 1 0 0 0 1 0 0 0 1 0 0 0 0 1 0 1 1 1 0 1 0 1 1 0 0 0 0 1 1 0 0 0 0 0 0 0 0 0 0 0 0 0 1 0 0 1 0 1 0 0 1 0 0 0 0 0 0 0 0 0 0 0 1 0 0 0 0 0 0 0 1 0 0 1 1 0 1 0 0 0 0 0 1 0 1 1 0 1 1 0 0 0 0 0 1 0 0 0 0 0 0 1 1 0 0 0 1 0 1 0 0 0 0 0 1 1 1 1 1 0 0 0 0 0 1 0 1 0 1 1 1 0 1 0 0 0 0 0 1 1 1 0 0 0 0 0 0 0 0 1 0 1 0 0 0 0 1 1 0 0 1 0 0 0 1 1 0 1 1 0 0 0 0 0 0 0 0 1 0 1 0 0 0 0 0 0 1 1
1 0 0 1 0 0 1 1 0 0 0 0 0 0 0 1 1 0 0 0 0 1 0 0 1 0 1 0 0 0 0 0 0 0 1 1 1 0 0 0 1 0 0 0 1 0 0 0 0 1 0 1 0 1 0 1 1 0 1 1 0 0 1 0 1 1 1 0 0 1 0 1 0 0 0 0 1 0 0 1 1 0 0 1 1 1 0 1 0 0 1 0 1 0 0 0 0 1 0 0 1 0 0 1 0 0 0 1 0 0 0 1 0 1 0 0 0 0 0 1 1 0 1 0 1 0 0 0 0 0 0 0 1 0 1 0 0 1 0 1 0 1 0 0 0 1 0 1 0 0 1 0 0 0 0 1 0 1 0 0 0 0 0 0 0 0 1 0 1 0 0 0 0 0 0 0 0 1 0 0 0 1 0 1 1 1 0 0 0 1 1 1 1 1 0 1 0 1 0 0
0 0 1 0 1 1 1 1 1 0 0 0 0 0 0 1 0 0 1 0 1 0 0 1 0 0 0 1 0 1 0 1 0 0 1 0 1 1 0 0 0 0 0 1 0 0 0 1 0 0 0 1 0 1 1 1 1 0 0 0 0 0 0 0 1 1 0 1 1 0 1 0 1 1 0 1 1 0 0 1 0 0 1 1 0 0 0 0 0 0 0 0 0 1 0 0 0 1 0 0 0 0 0 0 0 0 1 0 0 1 1 0 1 1 0 0 1 0 1 1 1 1 0 0 0 0 1 0 0 0 1 0 0 1 0 0 0 1 0 0 0 1 0 0 1 1 0 0 0 0 0 0 1 1 1 0 0 0 0 0 1 0 0 0 0 1 1 0 0 0 0 0 1 1 0 1 1 0 1 0 0 0 0 0 0 1 1 0 0 1 0 0 0 0 0 0 0 0 0 1
1 1 1 1 1 0 1 0 0 0 1 1 0 0 1 1 1 0 0 1 0 1 0 0 1 1 0 0 0 1 0 0 1 1 0 1 0 0 0 0 0 0 1 0 1 1 0 0 0 1 0 0 0 0 0 1 1 0 0 1 0 0 1 0 0 1 0 1 1 0 1 0 0 0 1 1 1 0 1 0 0 0 0 0 1 1 0 1 0 0 0 1 1 1 0 1 1 1 0 1 0 1 0 1 0 0 0 1 0 0 1 0 1 0 1 0 0 0 0 0 0 1 0 1 1 0 0 1 0 1 0 1 0 0 1 0 1 1 0 0 0 0 0 0 0 0 0 1 1 0 1 1 1 0 0 1 1 1 1 1 1 0 1 0 0 1 1 0 0 0 0 1 1 0 0 1 1 0 0 1 0 0 0 1 1 0 1 0 1 0 0 1 1 0 1 0 0 1 0 1
0 0 1 1 1 1 0 0 0 0 0 0 0 0 1 0 0 1 0 0 0 0 0 1 1 0 1 0 1 0 0 0 0 0 1 1 0 0 0 0 1 0 1 1 1 0 1 0 0 0 0 0 0 0 0 1 1 0 0 1 0 0 0 1 0 1 1 0 0 0 0 1 0 0 0 0 0 1 1 0 1 0 1 0 0 1 0 0 1 1 0 0 0 1 0 1 0 1 1 0 1 0 1 1 0 0 0 1 0 0 0 0 1 0 1 0 0 0 1 1 0 0 0 0 0 0 1 0 1 1 0 1 0 1 0 0 1 0 0 0 0 0 0 0 0 0 1 1 0 0 1 0 0 0 0 0 0 0 1 1 0 0 1 0 1 0 0 0 0 1 0 1 0 0 0 1 0 1 0 0 1 1 1 1 1 0 1 0 0 0 0 1 1 0 0 0 0 1 0 0
1 0 1 0 0 0 0 0 0 0 0 0 1 1 0 0 0 0 0 1 0 0 0 0 0 0 0 0 0 0 0 0 1 0 0 0 0 0 1 0 0 0 0 0 0 0 0 0 1 1 0 1 0 0 1 0 0 1 0 1 1 0 0 0 0 0 1 0 0 0 1 0 0 1 1 0 1 0 0 1 1 1 0 1 0 1 0 0 1 0 0 0 1 0 0 0 0 0 0 1 0 1 0 0 0 0 1 1 1 0 1 0 0 0 0 1 1 0 0 0 0 0 1 0 1 1 0 0 1 1 0 0 0 1 1 0 0 0 1 1 0 1 0 0 0 0 1 0 0 0 1 1 0 1 0 0 1 1 1 0 1 1 1 1 1 1 0 0 0 0 0 0 0 0 0 0 0 0 0 0 1 0 0 0 1 0 0 0 0 0 0 0 1 0 1 0 1 0 0 0
0 0 1 0 0 0 0 0 1 1 1 0 0 0 1 0 0 0 1 1 1 1 0 0 1 0 0 0 1 0 0 0 1 1 0 0 1 1 1 0 1 1 0 1 0 1 1 0 0 1 1 0 0 0 1 0 1 1 0 0 0 0 0 1 0 0 0 0 1 0 0 0 1 0 0 1 1 0 0 0 0 0 0 0 0 1 1 1 1 1 1 0 1 0 1 1 1 0 0 0 0 0 1 0 0 0 1 0 0 0 0 0 0 0 0 1 0 0 0 1 1 1 0 0 1 1 1 1 0 0 0 0 0 0 0 1 0 0 1 0 0 0 1 0 1 0 0 0 1 0 0 1 0 1 1 0 0 0 0 1 1 0 0 0 0 0 0 1 0 0 0 0 1 1 1 0 0 0 1 0 1 0 0 0 0 1 1 0 0 1 1 0 1 0 0 0 1 1 0 1
0 0 0 0 1 0 0 1 1 0 0 1 1 0 1 0 0 0 0 1 1 1 1 0 0 0 0 1 1 0 0 0 1 0 0 0 0 0 0 0 1 0 0 0 0 0 0 1 0 0 0 1 0 0 0 1 0 0 1 1 0 1 0 0 0 0 1 0 0 0 0 1 0 1 0 0 0 1 0 0 0 0 0 0 1 0 1 1 0 0 1 0 0 1 1 0 0 0 0 1 1 1 1 0 0 1 0 0 0 0 1 1 0 1 0 0 0 0 0 0 0 0 0 1 1 0 0 1 0 1 0 0 0 0 0 0 0 0 1 0 1 0 0 0 1 1 1 1 0 1 0 0 0 0 1 0 1 1 0 1 0 0 0 0 1 1 0 0 0 0 0 0 0 0 1 0 1 0 0 0 0 0 0 1 0 0 0 0 1 1 1 1 0 0 0 0 0 0 0 0
1 0 0 1 0 1 0 0 0 1 0 0 0 0 0 1 1 0 0 1 0 1 0 0 0 1 0 0 0 0 1 0 0 1 0 1 0 0 1 1 1 0 0 0 1 1 0 0 1 0 0 1 0 1 0 0 1 0 1 0 0 1 0 0 1 0 0 1 0 1 0 1 0 0 0 0 0 1 0 0 0 0 1 0 0 0 1 1 0 0 0 1 1 1 1 0 1 1 1 0 1 1 0 1 0 0 0 1 1 1 1 0 0 1 0 1 0 0 0 0 0 1 1 1 0 1 0 0 0 0 1 1 0 1 1 0 0 0 0 0 0 1 0 0 1 1 0 0 0 0 0 1 0 0 0 1 1 1 1 0 0 0 1 1 0 0 0 0 0 0 0 0 1 0 0 1 0 0 0 0 0 1 1 0 0 1 0 1 0 1 1 0 0 0 0 0 1 0 0 0
1 1 0 1 0 0 1 0 1 1 0 1 1 0 1 0 1 0 1 0 1 1 1 0 1 0 0 0 0 0 0 0 0 1 1 0 1 1 1 0 0 0 0 1 1 0 0 0 0 0 1 0 0 1 1 1 1 1 0 0 0 0 1 0 1 0 0 0 1 0 0 1 0 0 0 1 0 0 0 0 0 1 1 0 1 1 0 0 0 0 0 1 0 1 0 0 1 0 0 1 1 1 1 0 0 0 1 0 0 1 0 0 0 0 0 0 1 0 0 0 0 0 1 0 0 0 1 1 1 1 0 0 1 1 0 0 1 0 1 1 1 0 0 1 0 0 0 1 0 0 0 0 0 1 0 0 1 0 1 0 0 0 0 0 0 0 0 1 1 1 0 1 0 0 1 0 0 0 0 0 1 0 0 0 0 0 0 0 1 0 1 0 1 0 1 0 1 0 1 0
0 0 0 0 1 0 0 1 0 1 0 1 1 0 1 1 1 0 0 0 0 0 1 0 0 0 0 1 0 0 0 1 0 1 1 0 0 0 0 0 0 1 0 0 0 0 0 0 0 0 0 1 0 1 1 0 0 0 1 0 1 0 0 1 1 0 0 1 0 0 0 0 0 0 0 0 0 1 0 1 0 0 0 0 1 0 0 0 0 0 0 0 0 0 0 1 0 0 1 1 0 0 0 0 0 0 1 0 0 1 0 1 1 0 1 0 1 1 1 0 0 1 0 0 0 1 1 1 1 0 0 0 1 0 0 0 0 1 1 0 0 0 0 0 1 1 0 0 0 0 1 1 0 1 0 1 1 0 0 1 1 1 0 0 0 0 1 0 1 0 0 1 1 0 0 1 0 1 1 0 1 1 0 1 0 0 0 0 1 0 1 0 0 0 0 0 0 0 0 0
0 0 1 0 1 0 0 0 0 0 1 1 1 0 1 1 0 1 0 0 1 0 0 0 1 0 1 1 0 0 0 1 1 0 0 0 1 0 0 0 0 1 0 1 0 0 0 1 1 1 0 1 1 1 0 1 0 0 0 0 0 1 0 0 1 0 1 0 0 1 0 0 0 0 1 0 0 0 1 1 0 0 0 0 1 0 0 1 1 0 0 1 0 0 1 0 0 0 1 1 1 1 0 0 0 0 1 1 1 0 0 1 0 0 0 0 1 1 0 1 0 0 0 0 1 0 1 0 0 0 1 1 0 0 0 0 0 0 0 1 1 1 0 0 0 0 0 0 1 0 1 0 0 0 1 0 1 0 0 0 0 0 0 1 0 0 1 1 0 0 0 0 0 1 0 0 1 0 0 0 0 1 0 0 0 0 1 1 1 0 0 0 0 0 0 0 0 1 0 1
0 1 0 0 1 0 1 1 1 1 1 0 0 0 0 0 0 0 0 0 0 0 0 0 0 0 0 0 1 0 0 1 0 0 1 0 0 0 1 0 0 0 0 0 0 0 0 1 0 0 0 0 1 1 1 0 1 1 1 0 0 0 0 1 0 1 1 0 0 0 1 0 0 0 0 1 0 0 1 0 1 0 0 0 0 1 1 0 1 1 0 0 0 1 0 0 0 0 0 1 0 1 0 0 1 0 1 0 0 0 0 1 0 1 1 0 0 0 0 0 1 0 0 0 0 0 0 0 0 0 1 0 1 1 0 0 0 0 1 0 1 1 0 1 0 1 1 0 0 1 0 0 0 0 1 0 0 0 1 0 1 0 0 0 0 0 0 0 0 0 1 0 0 0 1 0 1 1 1 1 0 0 0 1 0 0 0 0 0 1 0 1 0 0 1 0 1 0 0 0
0 0 0 0 0 0 0 0 0 0 0 0 0 1 0 1 0 0 0 0 1 0 0 1 0 1 0 0 1 1 1 1 1 1 0 0 0 0 0 0 1 0 0 0 1 0 0 1 0 0 0 0 1 0 0 0 0 1 0 1 0 0 0 0 0 1 0 1 0 0 0 1 0 0 1 0 1 1 1 0 0 0 1 1 0 0 1 0 1 1 0 1 0 0 0 0 1 0 1 1 0 0 1 1 0 1 0 1 0 1 0 0 1 0 1 0 1 0 0 0 0 0 1 0 1 0 0 1 0 0 0 0 1 0 1 0 1 1 1 0 0 0 0 0 0 1 0 1 0 1 0 1 0 0 0 0 0 1 0 0 0 1 0 0 0 0 1 1 0 1 0 1 1 0 1 0 0 0 0 0 0 1 0 1 0 1 0 0 1 1 0 0 1 0 0 0 0 0 0 0
0 1 0 1 0 1 1 1 1 0 0 0 0 0 0 0 1 0 0 0 1 0 0 0 1 0 0 1 0 0 0 0 0 0 0 0 0 1 0 0 1 0 1 0 1 1 1 0 0 0 1 0 0 1 1 0 1 1 0 1 1 1 1 0 0 1 0 1 0 1 0 0 1 1 0 0 1 0 0 0 0 0 0 0 0 1 0 1 0 0 0 1 0 1 0 0 0 1 1 0 0 1 1 0 0 1 1 1 1 1 0 0 1 0 1 1 0 0 0 0 1 0 0 0 1 0 1 0 1 0 0 0 0 1 0 0 0 0 1 0 0 0 1 0 0 1 0 0 1 1 1 0 0 0 1 0 1 1 0 1 0 0 1 1 1 1 1 0 0 0 0 0 0 0 0 0 0 0 1 1 0 1 0 0 0 1 0 0 1 0 0 0 0 1 1 1 1 1 0 1
0 0 1 0 0 0 0 0 0 1 1 0 0 0 0 1 1 0 1 1 0 0 1 0 0 0 1 1 0 1 0 0 1 1 1 1 1 1 1 0 0 1 0 0 0 0 0 1 1 0 0 1 0 1 0 1 1 0 0 0 0 0 0 0 0 0 0 0 0 0 0 0 1 0 0 0 1 0 0 0 0 0 0 0 1 0 1 1 0 1 0 1 0 1 0 0 0 0 0 0 0 0 1 0 0 0 0 1 1 0 0 1 1 0 0 0 0 1 0 0 1 0 0 0 1 1 0 0 0 0 0 0 1 0 0 0 1 1 0 0 0 0 0 1 0 1 0 1 0 1 0 0 0 1 0 0 0 1 0 0 1 0 0 0 0 0 0 0 0 1 0 0 0 0 0 1 0 0 1 0 0 0 1 1 0 1 0 1 1 0 0 1 0 1 0 1 1 0 0 1
1 0 0 1 0 1 0 0 0 0 0 0 0 0 1 0 1 1 0 0 1 0 0 1 1 0 0 0 0 0 0 0 0 1 1 0 1 0 1 0 0 0 1 0 1 0 0 0 0 0 0 1 0 0 0 1 0 0 1 1 0 0 1 1 1 0 0 0 1 1 0 0 0 0 0 1 0 0 0 0 1 0 0 1 1 0 1 0 0 0 1 0 0 0 1 0 0 1 1 0 0 1 1 1 0 1 0 1 0 0 1 0 1 0 1 0 0 0 0 0 0 1 0 1 0 1 0 1 0 0 0 0 0 0 0 0 1 1 0 0 0 1 0 0 1 1 0 0 0 0 1 0 1 1 1 0 0 0 0 1 1 0 0 1 0 1 0 1 0 0 1 0 0 1 0 0 1 1 1 0 0 1 0 0 0 0 1 1 1 1 0 1 1 0 0 0 0 1 1 1
0 0 1 0 0 0 0 0 0 0 1 1 0 1 1 0 1 0 0 1 0 1 0 0 1 1 1 0 0 1 0 0 0 0 1 0 1 1 1 0 0 0 0 0 1 1 0 0 1 0 1 0 0 1 1 0 0 1 0 1 0 1 1 1 1 0 1 0 0 0 0 0 0 0 1 0 0 0 0 0 1 0 0 1 0 0 0 0 0 0 0 1 1 0 1 0 1 1 0 1 0 0 1 0 1 0 1 1 0 0 0 0 0 0 1 0 0 0 0 1 0 0 1 1 0 0 1 1 0 0 1 0 0 1 0 1 1 0 0 1 0 1 1 1 0 1 1 0 0 0 1 0 0 1 0 0 0 1 0 1 0 0 0 0 0 0 1 0 1 1 0 1 1 1 0 0 0 0 1 1 0 1 0 1 0 0 0 1 1 1 0 0 1 1 0 0 0 0 0 1
0 0 1 1 0 1 1 0 0 0 0 1 1 0 0 1 1 0 0 1 0 0 0 0 0 0 0 0 0 1 0 0 0 1 0 0 0 0 0 1 0 0 0 0 1 0 1 1 0 0 0 1 1 0 0 0 1 1 1 1 0 0 1 0 0 1 1 1 0 1 0 0 1 1 0 0 0 0 0 0 0 0 0 0 0 0 0 1 1 0 0 1 1 0 0 0 1 0 0 0 1 0 0 0 1 0 0 0 0 0 1 0 1 1 1 0 1 0 1 0 0 0 0 0 0 0 1 0 0 0 0 1 0 1 0 0 1 1 0 0 1 0 0 1 1 0 0 0 0 1 0 1 0 0 0 0 1 1 0 0 0 0 1 0 0 1 1 1 1 0 1 1 0 0 0 0 0 0 0 0 0 0 0 0 0 1 0 1 0 0 0 0 1 0 0 1 1 1 0 1
0 0 0 0 0 0 1 1 0 0 0 1 0 0 0 0 1 1 1 1 1 1 0 0 0 0 0 0 1 1 0 0 0 0 0 0 1 1 0 1 0 0 0 1 1 0 0 0 1 1 0 0 1 1 1 1 1 1 1 1 0 0 0 0 0 1 0 0 0 0 1 0 0 0 1 0 0 0 0 0 0 0 0 0 0 1 1 0 1 0 0 0 0 1 0 1 0 1 0 0 0 0 0 0 0 0 1 0 0 1 0 1 0 0 0 0 0 0 1 0 0 1 1 0 0 0 0 1 0 0 1 1 1 0 0 1 0 0 1 1 0 0 0 1 0 1 0 1 0 0 0 0 0 0 0 0 1 1 1 0 0 0 0 0 1 0 1 0 1 1 0 0 0 0 1 1 1 0 0 0 1 1 1 1 0 0 0 1 1 0 0 1 0 1 1 0 1 1 0 0
0 1 0 0 1 0 0 1 0 0 1 1 0 1 0 0 0 0 0 1 1 0 0 0 0 0 0 1 1 0 0 1 0 0 1 1 1 0 0 1 0 1 1 0 1 0 0 0 1 0 0 1 1 0 0 0 0 1 1 1 0 0 0 1 0 0 0 1 0 1 1 0 0 0 0 0 1 0 0 0 0 1 1 0 1 0 0 0 0 0 1 0 0 0 1 0 1 0 0 1 0 0 1 0 0 0 0 0 0 0 0 1 0 0 0 0 0 0 0 0 1 0 0 0 0 0 0 0 0 1 0 1 1 1 0 1 1 0 0 0 0 1 0 1 0 0 0 0 0 0 0 1 1 0 0 1 1 0 0 0 0 0 0 0 1 0 0 0 1 0 0 1 0 1 0 0 0 1 0 1 0 0 0 0 0 1 0 0 0 0 1 0 0 0 1 0 1 1 0 0
0 0 0 1 0 1 0 0 1 1 0 0 1 0 0 0 1 0 1 0 1 0 1 0 0 0 0 1 0 0 0 1 0 1 1 0 0 1 1 0 0 1 0 0 0 0 1 1 0 0 0 1 0 1 0 0 0 0 0 0 0 0 0 0 1 0 0 1 1 1 1 0 0 0 1 1 0 0 1 0 1 0 1 1 0 1 1 0 0 0 0 0 1 1 0 1 0 0 0 0 0 0 0 1 0 1 0 0 1 0 1 0 1 0 1 0 0 1 0 0 1 0 1 1 1 0 0 0 0 0 0 1 1 0 0 0 1 0 1 0 1 1 0 0 1 0 1 0 0 0 0 0 1 0 1 0 0 0 0 0 0 1 0 1 1 0 0 0 0 1 1 0 0 0 1 0 0 0 0 1 0 0 0 0 0 0 1 1 0 0 0 0 0 1 1 0 0 0 0 0
0 0 1 1 0 0 0 0 0 1 0 1 1 0 1 1 1 0 1 0 0 1 1 0 1 0 1 1 1 0 0 0 0 0 0 0 1 0 0 0 0 1 0 1 0 0 1 0 1 0 0 0 0 0 0 0 1 0 0 0 0 1 0 1 1 0 0 1 1 1 0 0 1 0 1 0 1 0 0 1 0 1 0 0 0 0 0 0 0 1 0 0 0 1 0 0 0 0 0 0 0 0 0 1 0 0 1 0 0 0 1 0 1 1 0 0 0 0 0 0 0 0 1 1 0 0 0 0 1 0 1 0 1 0 0 0 0 0 0 0 1 0 1 0 1 0 1 0 0 0 0 0 0 0 0 1 0 0 0 0 0 0 0 0 0 0 1 0 1 0 0 1 0 0 0 0 0 1 1 1 1 1 0 1 1 0 0 0 0 1 1 0 0 0 1 0 1 0 1 0
0 0 0 0 0 0 1 0 0 1 0 0 0 1 1 0 0 0 0 0 0 0 0 0 1 1 1 0 0 1 1 0 0 0 0 1 0 0 0 0 1 1 0 1 0 1 1 1 0 0 0 0 0 0 0 0 1 0 0 1 1 0 0 1 0 1 0 1 1 1 0 0 0 0 1 0 0 1 1 1 0 0 1 0 1 0 0 0 1 0 1 0 0 0 1 1 0 1 1 1 0 0 0 0 0 0 0 1 1 1 0 1 1 0 1 0 1 0 0 0 0 1 1 0 0 1 1 0 0 0 0 1 1 1 0 0 0 0 1 1 0 0 0 0 0 0 1 0 0 1 0 0 1 0 1 0 0 1 0 0 0 1 0 0 0 0 1 0 1 0 0 0 0 0 1 0 1 0 0 0 0 0 0 0 0 1 0 1 0 0 0 0 1 0 1 0 0 0 0 0
0 0 0 1 1 1 1 1 1 1 1 0 0 0 0 0 0 1 1 1 0 1 1 0 1 1 0 1 0 0 0 0 1 1 1 0 0 0 0 0 1 0 0 1 0 0 1 1 0 0 0 0 1 1 1 0 1 0 0 1 0 0 0 0 0 0 0 0 0 0 0 0 1 0 0 0 1 1 0 1 1 0 0 0 0 0 0 0 0 0 0 1 1 0 1 0 0 0 0 1 0 0 0 1 1 0 0 0 0 1 0 1 1 0 0 0 1 0 0 0 0 0 1 1 1 1 1 1 1 1 1 1 1 0 1 1 1 0 1 1 0 0 1 0 0 1 0 1 0 0 0 1 0 0 0 0 0 0 1 0 1 0 0 0 0 1 0 1 0 0 0 0 0 0 0 0 1 1 0 0 1 1 0 0 1 1 0 0 0 1 1 0 0 0 0 0 0 1 0 0
0 1 0 0 1 0 0 0 1 1 0 1 0 1 0 1 1 0 0 0 0 1 0 0 0 0 0 0 1 0 1 1 1 0 0 1 0 1 0 0 1 0 0 1 0 0 0 0 0 1 0 0 0 1 1 0 0 0 0 1 1 0 0 1 1 0 0 0 1 1 1 1 1 1 1 0 1 1 1 0 1 0 0 1 1 0 1 0 0 1 0 1 1 0 0 1 0 1 0 1 0 0 0 1 1 1 1 0 0 0 0 0 1 1 1 0 0 0 0 0 1 1 1 1 0 1 0 0 1 1 0 0 0 1 0 0 0 0 0 0 0 1 0 0 0 0 0 0 0 1 0 1 1 0 0 0 0 0 1 1 1 0 0 0 0 0 1 0 1 1 0 0 1 0 0 0 0 1 1 0 0 0 0 0 1 1 0 0 1 0 0 0 0 1 1 0 0 0 0 0
1 0 1 0 1 0 0 0 0 0 0 1 0 0 0 0 0 0 0 0 0 0 0 0 0 0 0 0 1 0 0 1 0 0 0 0 0 0 1 0 1 1 1 0 1 1 0 0 0 1 0 0 1 0 1 0 0 1 1 0 0 0 0 0 0 0 0 0 0 0 0 1 1 1 0 1 0 0 0 0 1 0 0 0 0 0 0 0 0 0 0 0 0 0 0 0 1 1 0 1 0 1 1 0 0 0 0 0 1 0 0 1 0 0 1 0 0 0 0 0 0 0 0 1 1 0 0 1 0 0 0 0 0 0 1 1 0 0 0 0 0 0 0 0 0 1 0 0 0 0 1 1 1 0 0 1 0 0 1 0 0 0 1 0 1 1 1 0 0 0 0 0 1 0 1 1 0 1 1 0 0 1 0 1 0 1 0 0 1 1 0 1 0 1 1 0 1 0 0 0
1 0 1 1 1 0 1 1 0 1 0 0 0 1 0 0 1 1 0 0 0 1 1 1 1 0 0 1 1 0 1 0 1 0 0 0 1 0 0 0 1 1 0 1 1 0 0 1 1 1 0 1 0 0 0 1 0 0 0 0 0 0 1 0 0 1 0 1 0 0 1 0 0 0 0 1 1 1 0 1 0 0 1 0 1 1 1 0 0 0 1 1 0 0 1 0 0 0 0 0 1 0 1 0 0 1 1 1 0 0 1 0 0 0 1 0 0 0 1 0 0 0 0 1 1 0 0 0 1 0 0 0 0 0 1 0 0 1 1 1 0 0 0 0 1 0 0 0 1 0 1 0 1 0 1 0 0 0 0 1 0 0 1 0 1 0 1 0 1 0 1 0 0 0 0 0 0 1 0 0 1 0 0 1 1 0 0 0 0 0 0 1 0 0 1 0 1 0 0 0
1 0 0 0 0 0 0 0 0 1 0 0 1 1 0 0 1 0 0 0 0 1 0 1 0 1 1 1 1 0 1 1 0 1 1 1 0 0 1 0 0 0 1 1 1 0 0 0 0 0 0 0 1 1 1 0 1 1 0 1 1 1 0 0 1 1 1 0 1 1 1 1 0 0 0 0 0 0 0 0 0 1 0 1 0 1 0 1 0 0 1 1 0 0 0 0 0 1 1 1 1 0 1 0 1 1 0 1 0 1 0 0 1 1 1 0 0 1 0 0 0 1 1 0 0 0 0 1 0 0 0 0 1 1 0 0 1 0 0 1 1 0 1 0 0 0 0 1 0 1 1 1 0 0 0 1 0 1 1 0 0 0 1 1 0 1 1 0 0 1 0 0 1 1 0 1 1 0 1 1 0 0 0 1 1 0 0 1 0 0 1 1 0 0 1 1 1 1 1 1
0 1 0 1 1 1 0 0 0 0 0 1 0 1 1 0 0 0 0 0 0 0 1 0 1 0 0 1 1 0 0 1 0 0 1 1 0 0 0 0 1 1 1 0 0 0 0 0 0 1 0 1 1 0 0 1 1 0 0 1 0 0 0 0 0 0 1 0 1 0 1 0 1 0 1 0 1 1 0 1 0 1 0 0 0 1 1 0 1 0 0 0 1 0 0 0 1 1 0 0 1 1 1 1 0 1 0 1 1 0 0 0 0 0 0 1 1 1 0 1 1 0 1 1 0 0 0 0 0 1 0 0 0 0 1 0 0 0 0 1 0 1 0 0 1 0 1 0 0 0 0 1 0 1 1 1 1 0 0 1 1 0 1 1 1 1 0 0 0 0 1 0 0 0 1 1 1 0 1 0 0 0 0 1 0 0 0 0 0 0 1 0 1 0 1 0 1 1 1 0
0 0 0 1 1 0 1 0 1 0 0 1 0 0 1 0 1 1 0 1 0 1 0 0 0 0 0 0 0 1 0 1 0 0 1 0 1 0 0 1 0 1 1 0 1 1 0 1 0 1 1 1 0 0 1 0 1 0 1 0 0 0 1 0 0 1 0 1 0 0 0 1 1 1 1 0 0 0 0 1 0 0 0 0 0 0 0 0 0 1 0 1 0 1 0 1 0 0 1 0 1 0 1 0 0 0 1 0 0 0 0 0 1 0 0 1 0 0 1 1 0 0 1 0 1 0 0 1 1 0 0 0 1 0 0 0 0 1 1 0 1 0 0 0 1 0 0 1 1 1 1 0 1 1 1 0 0 1 0 0 0 0 1 0 0 0 0 0 0 0 0 0 0 0 0 0 1 0 0 0 1 0 1 0 0 0 0 1 0 0 0 0 0 1 1 0 1 0 0 0
0 1 0 0 0 0 1 1 1 1 1 1 1 0 0 0 0 0 0 1 1 1 1 0 1 0 0 0 0 1 0 1 1 0 1 0 0 0 0 0 0 0 0 1 1 1 0 0 0 1 0 0 1 0 1 1 1 0 1 1 0 1 0 0 0 0 1 0 0 1 0 1 1 1 0 1 1 0 1 0 0 0 0 0 1 0 0 1 0 0 0 0 0 0 0 1 0 0 0 1 1 1 1 0 0 1 0 0 1 0 0 0 0 0 0 1 0 0 1 0 0 1 0 0 0 0 1 0 0 0 0 0 1 0 0 0 0 0 0 1 0 1 0 0 0 0 0 0 1 0 0 0 0 0 0 0 0 0 0 1 1 1 0 1 0 0 1 1 1 1 1 0 1 0 0 0 1 0 0 0 0 0 0 0 0 0 0 0 1 0 0 1 0 0 1 0 0 1 0 0
1 0 0 1 0 0 1 0 0 1 0 0 0 0 1 0 0 0 1 0 0 0 1 0 0 0 0 0 0 0 1 1 1 0 1 0 0 0 1 0 1 1 0 1 0 0 0 0 0 0 1 0 0 1 0 0 0 0 1 0 0 0 1 0 1 0 1 1 0 0 0 0 0 1 0 1 0 0 1 0 0 0 0 1 1 0 0 1 0 0 0 0 0 0 0 0 0 0 0 0 1 0 1 0 0 0 1 1 0 0 0 0 1 1 0 0 0 0 0 1 0 0 0 1 1 0 0 0 1 0 0 0 0 1 0 1 1 1 0 0 1 0 0 0 1 1 0 1 0 1 1 1 0 0 1 1 0 0 0 0 0 1 1 0 0 0 0 0 0 1 0 1 1 0 0 1 0 0 0 0 0 0 0 0 1 0 1 1 1 1 0 1 1 1 0 0 0 0 0 0
0 1 0 1 0 0 1 1 1 1 0 0 0 0 1 1 1 0 1 0 1 0 1 0 0 0 0 0 0 0 0 1 0 1 1 0 0 0 0 0 0 0 0 0 0 0 0 1 0 0 0 1 0 1 0 1 0 1 1 0 1 1 0 1 0 1 1 0 0 1 0 0 0 0 1 1 0 0 1 1 0 0 0 0 0 0 0 0 0 0 0 1 1 0 0 1 1 0 1 1 1 0 0 1 1 0 1 0 0 0 0 0 1 1 1 0 0 0 1 0 1 0 1 1 1 1 0 0 1 0 0 1 1 0 0 0 1 0 0 1 0 0 1 1 1 0 1 0 0 0 0 0 0 0 0 0 0 1 1 0 0 1 0 1 1 1 1 0 0 0 0 0 1 1 0 1 0 0 1 0 0 0 0 1 1 0 1 1 1 1 0 1 1 1 1 0 0 0 1 1
0 1 0 0 0 0 0 1 1 1 0 0 0 1 1 1 0 0 1 1 0 0 0 1 1 0 0 0 0 0 0 1 1 0 1 0 0 0 1 1 1 0 0 1 1 1 0 1 1 1 0 1 1 1 0 0 1 0 1 0 0 0 1 0 0 0 0 1 1 1 1 1 0 1 0 1 0 1 0 1 0 1 1 0 0 0 0 1 0 0 0 0 0 0 0 1 0 1 1 0 1 1 0 0 1 1 1 1 0 0 0 0 0 1 1 0 1 1 1 0 1 0 1 0 1 0 0 0 0 0 0 0 1 1 0 0 0 0 1 1 0 0 0 0 1 1 1 0 1 1 0 1 0 0 1 0 0 1 0 0 1 0 1 0 0 1 0 0 0 1 0 1 0 0 0 1 1 0 0 1 0 0 1 0 0 0 0 0 0 1 1 0 0 1 1 1 0 0 0 1
0 0 0 0 0 0 0 1 1 0 0 0 1 0 0 0 0 0 1 0 0 0 0 1 1 0 0 0 0 0 0 0 1 1 0 0 0 0 0 0 0 1 1 1 0 0 1 0 1 0 1 0 0 0 0 1 0 0 1 1 0 0 0 0 1 1 1 1 0 1 0 0 0 0 0 0 0 0 1 0 0 1 1 1 0 0 0 0 1 1 0 0 0 0 0 0 0 0 1 0 1 1 1 0 0 0 0 1 0 0 0 1 1 1 0 0 1 0 0 0 1 0 0 1 0 0 0 0 0 0 0 0 0 0 0 1 1 0 1 1 1 0 0 0 0 1 0 1 1 1 0 1 0 0 0 1 0 0 0 1 1 1 1 0 0 1 0 0 1 0 0 1 0 0 1 0 0 1 1 0 0 1 1 1 1 0 0 1 1 0 1 0 1 0 0 0 0 1 0 1
0 0 0 0 0 1 0 0 0 1 0 0 0 0 1 0 0 0 0 0 0 1 0 0 0 0 0 0 0 0 1 1 1 0 0 1 0 1 0 1 0 1 0 0 1 1 1 1 0 0 0 1 0 1 1 1 0 1 0 0 0 0 0 1 0 0 0 1 1 1 0 0 0 0 0 1 0 1 1 0 0 0 0 0 0 1 0 0 1 0 1 0 0 0 1 1 0 0 0 0 0 0 1 0 0 0 0 0 0 1 1 0 0 0 0 1 0 0 0 0 0 1 0 1 0 1 1 0 1 0 1 0 1 1 0 0 0 0 1 0 0 1 0 0 0 0 0 0 1 0 1 1 1 1 0 1 0 0 0 0 0 0 0 1 0 0 1 0 0 0 0 0 0 0 0 0 0 0 0 1 0 0 0 1 0 0 0 1 1 0 0 0 1 1 0 0 1 0 0 0
0 0 1 1 0 1 1 1 0 1 0 0 0 0 0 1 1 0 0 0 0 1 0 1 1 1 1 0 0 1 1 0 0 0 0 0 1 0 0 0 0 1 0 0 0 1 0 1 0 0 0 0 0 0 0 0 1 1 0 0 0 1 0 0 0 0 0 0 1 1 1 0 1 0 1 1 1 0 0 0 0 0 0 1 0 1 0 0 0 0 0 1 0 0 0 1 0 0 0 1 0 0 0 0 0 1 0 0 0 1 1 0 1 0 0 0 1 0 0 1 0 0 0 0 0 0 0 0 0 0 0 0 0 1 1 0 1 0 1 0 1 0 0 1 0 0 0 1 0 0 1 0 1 0 1 0 0 0 1 0 1 0 0 0 1 0 1 0 1 0 1 1 0 1 1 0 0 0 0 0 1 1 0 0 1 0 0 0 1 0 1 1 0 1 0 0 0 0 1 0
1 0 1 0 0 1 0 0 0 0 0 1 0 1 0 0 0 1 1 0 0 1 0 1 0 0 0 1 0 0 0 0 1 1 1 0 1 1 1 1 0 0 0 0 0 0 1 0 1 1 0 0 0 0 0 0 0 0 0 0 0 1 0 1 1 1 1 1 1 0 0 0 0 0 0 0 0 1 0 0 1 0 0 1 0 1 0 0 0 1 0 1 0 0 0 0 0 0 0 1 0 0 0 0 1 0 1 1 0 0 1 0 0 1 0 0 0 0 0 0 0 1 1 1 0 0 0 0 1 0 1 0 0 1 0 1 0 0 0 1 0 1 0 0 1 0 0 0 0 0 1 0 0 0 0 1 0 0 0 1 1 0 0 0 1 1 0 0 1 0 1 0 1 0 0 1 1 0 1 0 0 0 0 0 0 0 0 1 0 1 1 1 1 0 0 0 0 1 0 0
1 1 0 0 0 0 0 0 0 0 0 0 0 0 0 1 0 0 1 1 0 0 0 1 1 0 0 0 1 0 0 0 0 1 0 0 1 1 0 0 0 1 1 0 1 0 0 0 0 0 1 0 0 0 0 1 0 1 1 0 0 0 1 0 0 0 0 0 0 0 0 1 0 0 1 1 0 1 1 0 1 0 0 0 0 0 0 0 0 0 0 0 0 0 0 1 0 1 0 0 1 1 0 0 0 0 0 0 0 1 1 1 1 0 1 1 0 0 1 1 1 1 0 0 1 0 1 0 1 1 1 1 0 0 1 0 0 1 1 0 1 0 1 1 0 0 0 0 1 0 0 0 0 0 0 0 0 0 0 0 0 0 0 0 0 0 1 0 0 0 0 0 1 1 1 1 1 1 0 0 0 0 1 0 1 0 1 0 0 0 0 0 0 1 0 0 0 1 0 1
1 0 1 0 0 0 0 1 0 0 0 0 0 0 0 1 0 0 0 1 1 0 1 1 0 0 0 0 1 1 1 0 0 0 0 0 0 0 0 0 0 0 1 0 1 0 0 0 0 0 1 0 0 1 1 0 1 0 0 0 0 0 0 1 0 1 0 1 1 1 0 1 0 1 0 1 1 0 0 0 0 1 0 0 1 0 0 0 0 1 0 1 0 1 0 0 0 0 1 0 0 0 0 1 1 0 0 0 0 1 0 1 0 1 0 0 1 1 1 0 1 0 0 1 0 1 1 0 1 0 1 1 1 1 1 1 1 0 0 0 1 1 0 1 0 0 0 0 0 0 1 0 1 0 0 0 0 1 0 0 0 0 0 0 0 1 0 1 0 1 0 0 1 0 1 1 0 1 1 0 1 1 0 1 1 0 0 0 0 1 1 1 0 0 1 0 0 0 1 0
1 1 0 1 1 0 1 1 1 0 0 0 0 1 0 0 1 0 1 1 0 0 1 0 0 0 0 0 0 0 0 1 0 1 0 0 1 1 0 1 1 1 0 0 1 0 0 1 1 1 1 0 0 0 0 0 0 0 1 1 1 1 0 1 1 0 0 0 0 1 1 0 0 0 0 0 0 0 1 1 1 0 0 1 1 0 1 0 1 0 1 0 0 0 0 0 1 0 0 0 0 0 1 0 0 0 0 0 0 0 1 1 0 1 0 1 0 0 0 1 0 0 0 0 1 0 1 1 0 0 1 1 1 0 1 1 0 0 0 0 0 0 0 1 0 0 1 0 1 0 1 1 0 1 1 1 0 0 0 0 1 0 1 1 0 1 1 1 0 0 0 0 0 1 0 1 1 0 0 0 0 0 1 1 0 1 0 0 0 1 0 0 0 0 0 0 0 0 1 0
0 0 0 0 1 0 0 0 0 0 0 1 1 1 0 0 0 0 1 0 0 0 1 1 0 0 1 1 1 0 1 1 0 1 0 0 0 0 0 1 1 1 0 1 0 0 0 1 0 1 1 0 1 0 0 0 0 0 0 0 1 0 1 1 0 1 0 0 0 1 0 0 0 0 1 1 0 0 1 1 0 1 0 1 1 1 0 0 1 1 0 0 1 1 0 0 0 1 0 0 1 1 0 0 1 0 0 0 0 0 1 1 0 0 1 0 0 0 0 1 0 0 0 0 0 0 0 1 0 1 1 0 1 0 0 1 0 1 1 0 1 1 1 0 1 0 0 1 0 0 1 0 1 1 0 0 0 0 0 0 0 1 1 0 1 0 1 1 0 0 0 1 0 0 0 1 0 0 0 1 1 1 0 1 0 0 0 1 0 1 0 0 0 1 0 1 1 0 1 1
1 0 0 1 1 0 0 1 0 0 0 0 0 0 0 0 0 1 0 1 0 1 0 1 0 0 0 1 0 1 0 0 1 0 0 0 1 1 1 0 1 0 0 0 0 0 1 0 1 0 0 0 0 1 0 0 0 0 0 0 0 0 0 0 0 1 0 1 1 0 1 0 0 0 0 0 0 1 1 0 1 0 1 0 0 0 1 0 0 0 0 0 0 1 0 1 0 0 0 0 0 0 0 0 0 1 0 1 1 1 0 0 0 1 0 1 1 0 0 1 1 0 1 0 1 1 0 0 0 0 1 0 0 0 1 0 0 0 1 0 0 0 1 1 1 0 1 1 1 0 0 1 0 0 1 1 0 1 0 0 0 0 0 1 0 1 0 1 1 1 0 0 0 1 0 1 1 0 0 1 0 0 0 0 0 0 1 1 0 0 0 0 1 0 0 0 1 0 0 1
0 0 0 0 1 0 1 1 0 0 1 1 0 1 0 0 0 0 0 0 1 0 0 0 0 1 1 1 0 0 1 0 1 0 0 0 0 0 1 0 1 0 1 0 1 1 0 0 1 0 0 1 0 0 0 0 1 0 0 1 0 0 1 1 1 0 0 1 1 1 1 0 0 0 0 0 0 0 0 0 1 0 0 0 1 0 0 0 0 0 1 1 1 0 0 0 0 0 0 0 0 1 0 0 0 1 0 0 1 0 0 1 0 1 0 0 0 0 1 1 1 0 0 0 0 0 0 0 0 1 0 0 1 0 0 0 1 1 1 0 0 1 1 1 0 0 0 0 0 1 0 0 0 0 0 0 1 0 0 1 1 1 1 0 0 0 0 0 0 0 0 1 0 1 1 0 0 0 1 0 0 1 0 0 1 0 0 0 1 0 0 0 1 1 0 0 0 0 0 0
1 0 0 0 0 0 1 0 0 1 0 0 1 0 0 0 0 0 1 1 1 0 1 1 0 0 0 1 0 1 0 0 0 1 1 1 0 0 1 0 0 0 1 1 0 1 0 0 0 0 0 0 0 0 0 1 0 0 0 1 0 0 0 0 0 0 0 0 0 0 1 1 0 0 0 0 1 1 0 0 1 1 0 1 0 0 1 0 1 0 0 1 0 1 1 0 0 1 0 0 0 0 1 0 0 0 0 0 0 1 0 1 0 0 0 0 1 0 0 0 0 0 1 0 0 1 0 1 1 1 0 0 1 0 0 0 1 0 1 0 1 1 1 0 0 1 1 0 1 1 1 1 0 0 0 1 1 1 0 1 0 0 0 0 0 1 1 1 0 0 0 1 1 0 0 0 0 1 0 0 0 0 1 1 0 1 0 1 0 0 0 0 1 0 0 1 1 0 0 0
0 1 1 0 1 0 0 0 0 0 0 0 0 1 0 0 1 0 0 0 0 1 0 0 0 0 1 1 0 0 1 1 0 0 0 1 0 0 1 0 0 0 0 0 0 0 0 0 1 0 0 1 0 0 1 1 0 0 0 0 0 1 0 1 0 0 0 1 0 1 0 1 1 1 0 1 0 0 1 0 1 1 0 1 0 1 0 0 0 0 1 0 0 0 1 1 0 0 1 1 0 0 0 1 0 0 0 1 0 0 1 0 0 1 0 0 0 0 1 0 1 0 1 0 0 0 1 1 0 0 0 0 1 0 1 0 1 0 0 0 0 0 1 0 0 0 0 1 1 1 1 1 0 1 0 1 1 0 0 1 0 0 0 0 0 1 0 0 0 0 0 0 0 0 1 0 0 0 0 0 0 0 0 1 0 0 0 0 0 0 0 1 1 1 0 1 1 1 0 1
1 0 1 0 0 0 1 0 0 0 0 1 1 0 0 1 1 0 1 0 1 1 0 1 1 0 0 0 1 0 0 0 0 0 1 0 0 0 0 1 0 0 0 0 0 0 0 1 0 1 0 0 0 1 0 1 1 0 1 0 0 0 1 0 1 1 0 0 0 0 1 0 1 0 0 0 0 0 1 1 0 0 0 1 0 1 0 1 1 0 1 0 0 0 0 1 0 1 1 0 0 0 0 1 0 0 0 0 0 0 0 1 0 0 0 0 0 1 0 1 0 0 1 0 1 1 0 1 0 0 0 1 1 0 1 0 0 1 1 0 0 0 0 0 0 0 1 0 0 1 0 1 0 1 0 0 1 0 1 0 1 0 0 0 0 1 1 1 1 0 0 1 0 0 0 1 0 0 0 0 1 0 1 0 1 0 1 0 1 1 1 1 0 1 1 0 0 0 0 1
1 1 0 1 0 0 0 1 0 1 1 0 0 1 1 0 0 0 0 0 1 0 0 1 0 1 0 1 1 0 1 0 0 1 1 0 0 0 0 1 0 1 0 0 1 0 1 1 0 1 1 0 1 1 0 0 0 1 1 0 0 1 1 0 0 1 0 0 0 0 0 0 1 1 1 1 0 0 0 1 1 0 0 0 0 1 1 1 1 1 1 0 0 1 1 0 0 0 1 0 0 0 0 0 1 1 1 1 0 1 0 1 0 1 1 1 1 1 0 0 0 1 1 1 0 0 0 0 1 1 0 0 0 1 0 0 1 0 0 1 0 0 1 1 1 1 1 0 0 0 0 0 0 1 1 0 0 0 1 0 0 1 0 0 0 0 0 0 0 1 0 0 1 0 1 0 1 1 0 0 1 1 1 1 1 0 1 1 1 1 1 0 0 0 0 1 0 0 0 0
0 0 0 1 0 0 0 0 1 0 0 0 0 0 1 1 0 0 0 0 0 1 0 1 0 1 1 1 0 0 1 0 0 0 1 1 0 1 1 0 0 0 0 0 0 0 0 0 0 0 0 1 1 1 0 0 1 1 1 0 1 0 1 0 0 0 0 0 0 0 1 0 0 0 0 0 1 0 0 1 0 0 0 0 1 0 0 1 1 0 0 0 1 1 0 1 0 1 0 0 0 0 0 0 1 1 1 0 1 0 1 0 1 0 0 0 0 1 0 0 0 0 0 0 0 1 0 0 0 0 1 1 0 0 1 0 0 0 0 0 1 0 0 1 1 1 0 0 0 0 0 1 0 0 1 0 0 1 0 0 1 1 0 0 1 1 0 1 1 0 1 1 0 0 0 1 1 1 0 0 1 1 1 0 0 1 0 0 1 0 0 1 0 0 0 1 0 0 0 0
0 0 1 0 0 0 0 0 1 0 0 0 0 1 0 0 0 1 0 0 0 0 0 0 0 0 0 1 0 0 1 1 1 0 1 0 1 0 1 0 0 1 1 0 1 0 1 1 0 0 0 0 1 0 0 0 1 1 1 0 0 1 0 0 1 0 1 1 1 0 1 1 0 0 1 1 1 0 0 0 0 0 1 0 1 1 1 0 0 0 1 1 0 1 1 0 0 1 1 0 0 1 0 0 1 0 1 0 0 0 0 1 0 0 0 0 1 1 0 0 0 0 0 0 0 1 1 0 1 0 0 1 0 1 1 1 0 0 1 1 0 1 0 0 1 0 0 0 1 0 0 1 0 0 0 0 0 0 0 0 1 0 1 0 0 1 0 0 1 0 0 1 0 0 1 1 0 0 0 1 0 1 0 1 1 0 1 0 0 1 0 1 0 0 1 0 0 1 0 0
0 1 0 0 0 1 0 1 1 0 0 0 0 1 0 0 0 0 0 0 1 1 0 0 0 0 0 0 1 1 0 0 0 1 1 0 0 1 0 0 0 1 1 1 0 0 1 0 0 0 1 1 0 0 1 1 1 0 0 0 0 0 0 0 0 0 0 0 0 0 1 0 1 1 1 0 0 0 1 1 0 0 1 0 0 0 0 0 1 0 1 0 0 1 0 0 1 0 0 0 0 0 0 0 1 1 0 1 0 0 0 0 1 0 0 0 1 0 0 0 0 1 0 0 1 1 1 0 0 1 0 0 1 0 0 1 0 0 1 0 0 0 0 1 0 1 0 1 0 1 0 0 1 0 1 1 1 1 1 0 0 0 0 1 0 0 0 0 1 0 0 0 0 1 0 0 1 1 1 1 0 0 0 1 0 0 0 0 1 0 1 0 0 1 1 0 0 0 0 1
1 0 0 1 0 1 1 0 1 0 1 1 0 0 0 0 0 0 0 1 0 0 0 0 1 0 0 1 0 1 0 0 1 0 1 1 1 0 0 1 0 0 0 1 1 1 0 1 0 1 1 0 0 0 0 0 1 0 0 1 1 0 0 0 1 0 1 0 0 1 1 0 1 0 1 0 1 0 1 1 0 1 0 0 0 0 1 0 0 0 0 0 1 0 0 1 0 0 1 1 1 1 1 1 1 0 0 1 0 1 0 0 0 0 1 1 0 1 0 0 0 1 1 0 0 1 0 0 0 0 1 0 0 0 1 0 0 0 0 0 1 0 0 1 1 0 0 1 0 1 0 0 0 0 0 1 0 0 0 0 0 1 1 1 0 0 0 1 0 0 1 0 0 0 1 0 1 0 0 0 0 0 0 0 0 0 0 0 1 0 1 0 0 1 1 0 0 0 0 0
1 0 0 0 0 0 1 1 0 1 0 0 1 0 0 1 0 1 1 0 0 1 1 0 1 0 1 0 0 1 0 0 1 0 0 0 0 0 0 1 0 0 0 0 1 0 1 1 0 1 1 0 0 0 1 0 0 1 0 0 0 0 0 0 0 0 0 0 0 0 0 0 0 0 1 1 0 1 0 0 0 1 0 0 0 0 0 0 1 0 1 0 0 1 1 1 1 1 0 0 1 1 0 0 1 0 0 0 1 0 0 1 1 0 0 0 0 0 0 1 0 0 0 1 0 0 1 0 0 0 0 1 0 1 1 1 1 0 0 1 1 0 0 0 0 0 0 0 0 1 1 0 1 0 0 1 0 0 1 1 0 1 0 0 1 0 0 1 1 0 1 0 0 1 1 1 0 0 0 0 1 0 0 0 0 1 1 0 1 1 1 1 1 0 1 0 0 0 0 0
0 0 0 0 0 1 1 0 1 0 0 1 0 0 1 0 0 1 0 0 1 0 0 0 0 0 0 0 0 0 0 1 1 0 1 0 0 0 0 1 0 0 0 1 1 1 0 0 0 1 0 0 0 0 0 0 0 1 0 1 1 0 0 0 0 0 0 1 1 0 1 0 1 1 0 0 1 0 1 1 1 0 0 0 1 0 1 0 0 0 1 0 0 1 1 0 1 1 0 0 0 0 0 0 0 0 1 0 0 1 1 0 0 0 0 1 1 1 1 0 1 1 0 0 0 0 1 0 1 1 0 1 1 1 0 1 1 0 1 0 1 0 1 1 1 0 1 0 1 0 0 1 0 1 1 0 0 1 0 0 1 1 1 1 0 1 0 0 1 1 0 0 0 0 0 0 0 1 0 1 0 0 0 1 1 1 0 0 0 0 1 0 0 0 1 0 1 0 1 1
0 0 0 0 0 0 0 1 1 0 0 0 1 1 1 0 0 0 0 0 1 1 1 0 0 0 0 0 0 0 0 1 1 1 0 1 0 0 1 0 0 0 0 0 1 0 1 0 0 0 1 0 1 1 1 0 1 1 0 0 1 0 0 0 1 1 0 0 1 0 0 1 1 0 1 0 0 0 0 0 1 0 0 0 0 0 0 1 1 0 1 0 1 1 1 1 0 0 0 0 1 0 0 0 0 1 0 0 1 0 1 0 0 0 0 0 0 0 0 0 0 0 0 1 1 0 1 0 0 0 1 1 1 0 1 1 0 1 1 1 0 0 0 0 0 1 0 1 0 0 0 0 1 1 0 0 1 0 0 0 0 0 1 1 1 1 1 1 0 0 0 0 0 1 0 0 0 0 1 1 0 0 0 0 1 0 0 0 0 0 0 0 0 0 0 0 0 1 0 1
0 0 1 1 0 1 1 1 0 0 0 0 0 0 0 1 0 0 0 1 1 1 1 1 1 0 1 1 0 0 1 0 0 0 1 0 0 0 0 0 1 1 1 0 0 0 0 1 1 1 1 1 1 0 0 1 0 0 0 0 1 0 0 0 0 0 1 1 0 1 0 0 1 0 1 0 0 0 1 0 0 1 1 0 0 1 1 0 0 0 0 0 0 0 0 1 0 1 0 1 0 0 0 1 1 1 0 0 0 0 1 0 0 0 0 0 0 1 0 1 0 0 1 0 1 0 0 0 0 0 0 0 0 0 1 0 0 1 1 0 1 0 1 0 0 0 1 0 1 1 0 0 0 1 0 1 0 1 1 0 1 1 0 0 0 0 1 0 1 0 0 1 0 1 0 0 0 0 1 1 0 1 1 1 1 0 0 0 0 0 0 1 1 1 1 1 1 0 0 0
0 0 0 0 0 0 0 0 0 1 1 1 0 0 0 0 1 0 1 0 0 0 0 1 0 0 1 0 1 0 0 0 0 0 0 1 1 1 0 0 0 1 1 0 0 0 1 0 1 0 0 0 1 0 0 0 0 0 1 0 1 1 0 0 0 0 0 0 0 0 0 0 0 0 1 0 0 1 0 1 0 0 0 1 0 0 1 0 0 1 1 1 0 0 0 0 0 0 1 1 0 0 1 0 1 0 1 0 0 0 0 0 0 1 0 0 1 0 1 0 0 0 0 1 0 0 0 0 0 0 0 1 1 0 0 0 0 1 1 0 1 0 0 1 1 0 1 1 1 0 1 0 0 0 1 1 0 1 0 1 0 1 0 0 0 0 1 0 1 0 0 0 0 0 0 1 1 0 0 1 0 1 0 1 1 1 1 0 0 0 0 1 0 1 0 1 0 0 1 0
0 0 1 0 1 0 1 0 0 0 0 0 0 0 0 1 1 1 0 0 0 1 0 0 1 0 0 0 0 0 0 1 1 0 1 1 0 1 0 0 0 1 0 0 1 0 0 0 0 0 0 0 1 1 1 0 0 0 1 1 0 0 1 0 0 1 1 0 0 1 0 0 0 1 1 0 0 1 0 1 0 1 1 0 1 0 0 0 0 0 0 0 1 1 0 0 0 0 0 1 1 1 1 1 0 1 0 1 0 1 0 1 0 1 0 1 0 0 0 1 0 0 1 0 1 0 0 1 0 0 0 0 0 0 0 0 0 1 0 0 0 0 0 0 0 0 0 0 1 0 0 1 0 1 1 1 1 1 1 0 1 0 0 0 1 0 0 0 0 0 1 1 0 0 1 1 0 1 0 0 1 1 0 1 1 1 1 1 0 1 0 1 0 0 0 0 0 1 0 1
0 0 0 0 0 1 0 0 0 0 0 0 1 1 0 0 0 0 1 0 0 1 0 0 0 1 0 0 0 0 0 1 0 1 0 0 0 1 1 1 0 0 0 1 0 1 0 0 0 0 0 0 0 1 0 1 1 1 1 1 1 1 1 1 0 1 1 1 0 0 0 1 0 0 0 1 1 0 1 1 0 0 0 0 1 0 0 1 0 1 0 1 0 0 0 1 0 0 1 0 1 0 0 1 1 0 0 0 0 0 1 1 0 0 1 0 0 0 1 0 1 0 0 0 0 1 1 1 0 0 1 0 1 1 1 0 0 1 0 0 0 0 1 0 1 0 0 1 1 1 1 1 0 1 0 1 0 0 0 0 1 0 0 1 1 0 1 1 0 0 0 0 1 0 0 0 0 0 1 0 0 0 1 1 0 0 1 1 0 0 1 0 1 0 0 1 1 1 1 0
0 1 0 0 0 0 1 0 0 0 0 1 0 0 0 0 1 0 1 1 0 1 1 0 0 0 1 0 1 0 0 0 1 0 0 0 1 1 0 0 0 0 0 1 0 0 1 1 1 1 0 1 0 0 0 1 0 1 1 1 0 1 0 0 0 0 0 0 1 0 0 0 0 1 1 1 0 0 0 0 0 1 0 0 0 0 0 0 0 1 1 0 0 0 0 1 1 1 0 0 1 1 0 0 0 0 0 0 1 1 1 1 0 0 1 1 0 1 0 0 0 0 0 1 1 0 0 1 1 0 0 0 1 1 1 0 0 1 1 1 1 0 1 0 0 0 1 0 1 1 0 0 1 0 0 1 0 0 0 0 0 0 0 1 1 0 0 0 1 0 1 0 0 0 1 0 0 1 0 0 0 0 0 0 0 0 0 0 1 0 1 1 0 1 0 1 0 0 0 0
1 0 1 0 1 0 0 0 0 0 0 0 1 1 0 0 1 0 1 0 1 1 0 1 1 1 0 0 0 1 0 0 1 0 0 0 0 0 0 1 0 1 0 1 0 0 1 0 0 0 0 0 0 0 0 0 1 1 1 1 1 0 1 1 1 0 0 1 1 0 1 0 1 0 0 0 0 0 1 1 1 0 0 0 1 0 0 0 0 0 0 0 1 0 0 0 1 1 1 1 0 0 1 1 0 1 0 0 1 1 0 0 1 1 0 0 0 0 1 1 1 0 0 0 1 0 1 1 0 1 1 1 0 0 0 0 0 1 0 0 0 0 0 1 0 1 0 0 0 1 0 1 1 0 0 0 0 0 1 0 0 1 0 1 0 0 0 0 0 0 0 0 1 0 0 0 1 1 0 0 0 1 0 0 1 0 1 1 0 0 0 0 1 1 0 1 1 0 0 1
1 0 0 0 0 1 1 0 0 0 0 1 0 1 0 0 0 0 0 1 0 0 0 0 1 0 0 0 1 0 0 1 1 0 1 0 1 0 0 1 0 0 0 0 1 0 0 1 1 0 1 1 0 0 0 1 0 0 0 0 0 1 0 0 0 0 0 0 0 0 0 1 1 0 0 1 0 0 0 0 0 0 0 0 0 1 0 0 0 0 1 0 1 0 0 0 0 0 0 0 0 1 1 0 0 1 1 0 1 0 0 1 1 0 0 1 0 1 1 0 0 0 0 1 1 1 0 0 0 0 1 1 0 1 0 0 1 0 0 1 0 1 0 0 1 0 1 0 1 1 1 0 1 1 0 1 1 1 0 0 0 1 1 1 1 0 1 0 0 0 1 0 0 0 0 0 0 1 0 0 0 1 0 1 0 0 0 0 1 0 0 0 0 1 1 1 1 1 0 0
1 0 0 0 1 0 0 1 0 0 0 1 1 0 0 0 0 0 0 0 1 0 0 0 0 1 0 0 0 0 0 0 1 0 1 0 0 0 0 0 0 0 0 1 0 0 0 0 0 0 1 0 1 0 1 1 1 0 1 0 0 0 0 0 1 0 0 0 1 0 1 0 1 0 0 0 1 0 1 1 0 0 1 0 1 1 0 0 0 1 1 0 0 0 0 1 0 0 0 1 0 1 0 1 1 0 1 0 1 1 0 0 0 1 1 1 0 1 0 1 0 1 0 0 1 0 0 0 0 0 1 0 0 0 0 0 0 0 0 0 1 0 0 0 1 0 1 1 1 1 1 1 0 0 0 0 0 0 1 0 0 0 0 1 1 0 0 1 0 0 1 1 0 1 0 0 0 0 0 0 0 0 0 0 1 1 1 1 1 0 1 0 0 1 1 0 1 0 1 1
0 0 0 0 1 0 0 0 0 0 0 1 0 0 0 0 0 0 0 1 0 1 1 0 0 1 1 1 0 0 0 0 0 0 1 0 0 0 0 0 0 0 0 1 0 0 1 0 0 0 1 1 1 1 0 0 1 0 0 0 0 0 0 0 0 0 0 0 0 1 0 0 0 0 0 1 0 1 1 0 0 1 0 0 0 0 1 0 1 0 1 0 0 0 1 1 1 1 0 1 0 0 0 1 0 0 0 0 0 1 0 1 0 0 0 0 1 1 0 1 1 1 0 0 0 0 1 0 0 1 1 0 1 0 1 1 0 0 0 0 1 1 0 0 0 1 1 0 0 0 1 0 1 1 1 1 1 0 1 1 1 0 0 1 1 0 0 0 0 0 1 0 0 1 0 0 0 0 1 0 1 0 0 0 0 1 0 1 0 0 0 1 0 0 1 0 1 0 1 1
0 1 0 0 1 0 0 0 0 0 0 0 0 0 0 1 0 0 1 1 0 0 0 1 1 0 0 0 1 0 1 1 0 0 1 0 0 0 1 1 0 1 0 1 1 0 0 0 1 0 0 0 1 1 1 0 0 0 1 0 0 0 1 0 1 0 0 1 1 0 0 1 0 0 0 1 0 0 1 0 0 0 0 0 1 0 0 0 1 1 1 0 0 1 1 0 0 1 0 0 1 0 0 0 1 0 0 0 0 0 0 1 0 1 0 0 1 0 1 0 1 0 0 1 0 0 0 0 0 0 0 0 0 0 0 0 0 0 1 0 0 0 0 0 0 1 1 0 0 0 0 1 1 0 0 0 1 0 0 0 0 1 0 1 0 0 0 1 0 0 0 0 1 0 0 1 0 0 1 1 1 0 0 0 0 0 1 1 0 1 0 1 0 0 0 0 1 0 0 1
0 0 1 0 1 0 0 1 1 0 0 0 1 1 0 1 0 1 1 0 0 1 1 1 0 0 0 0 1 0 1 0 0 0 0 0 0 0 1 0 0 1 0 0 1 0 1 0 0 0 1 0 0 0 0 0 0 1 0 0 1 0 1 1 0 1 0 1 0 0 0 0 0 1 1 0 1 0 0 0 0 0 0 0 0 1 1 0 1 0 1 0 0 1 0 0 1 1 0 0 1 1 0 1 0 0 1 0 0 0 1 0 1 0 0 0 0 0 0 0 0 1 1 1 0 1 0 0 0 0 0 1 1 1 1 0 0 1 1 0 0 0 0 1 1 0 1 0 0 1 0 1 1 0 1 0 0 0 0 0 1 1 1 1 0 1 0 0 0 0 0 1 0 0 0 1 1 0 0 0 0 0 0 0 0 1 0 0 1 0 0 1 1 0 0 1 0 0 0 0
0 1 0 1 0 1 0 0 0 1 0 0 0 0 0 0 0 0 1 1 0 1 1 0 1 0 0 0 0 1 1 0 1 1 0 0 0 1 0 1 0 0 0 1 0 0 0 0 0 0 0 1 0 1 0 0 0 0 0 1 0 1 0 1 1 1 1 0 1 0 0 0 0 0 0 1 0 0 0 0 0 0 1 0 1 0 0 0 1 0 0 0 0 1 1 1 1 1 1 0 0 0 1 0 1 0 0 0 0 1 0 1 1 0 1 1 0 0 0 0 0 0 0 0 0 1 1 0 1 0 0 0 0 1 1 0 0 0 1 0 0 1 1 0 0 0 0 0 1 0 1 1 0 1 1 0 0 0 0 1 0 0 0 1 0 0 0 0 0 0 0 0 0 0 0 1 0 0 0 0 1 0 0 0 0 0 1 0 0 0 1 0 0 1 1 0 0 1 1 0
1 0 0 0 0 0 1 1 0 0 0 0 0 1 1 0 0 1 0 1 1 0 0 1 0 0 1 0 0 1 1 0 1 1 0 0 0 0 0 0 0 0 1 0 0 0 1 1 1 0 1 0 0 0 1 0 0 0 1 0 1 0 0 1 1 1 0 1 0 0 1 1 0 1 1 0 0 0 1 0 1 0 1 0 0 0 1 1 0 0 1 1 0 1 1 0 1 0 0 0 0 1 0 0 1 1 0 0 1 0 0 1 0 0 0 0 0 0 1 0 0 0 1 0 0 0 0 1 0 0 1 0 1 0 0 0 0 0 1 1 0 1 1 1 0 0 1 0 1 1 1 1 1 1 0 0 1 0 0 1 0 0 0 0 1 0 0 0 0 0 0 0 1 1 1 0 0 1 0 0 0 0 0 0 0 1 0 0 1 0 0 0 1 1 1 0 0 0 0 0
0 1 0 0 1 0 1 1 1 1 0 1 1 0 0 1 0 1 0 1 0 0 0 0 1 0 0 0 0 1 1 0 1 1 0 0 0 0 0 0 0 1 0 0 1 0 1 0 1 0 0 0 0 0 0 1 1 1 0 1 1 0 0 0 1 0 1 1 0 0 1 0 0 0 1 1 0 1 0 0 0 0 0 1 0 1 0 0 1 1 0 0 0 0 1 1 0 1 0 0 0 0 0 1 1 0 1 0 0 0 1 1 0 0 0 1 1 1 0 1 1 1 1 0 0 0 1 1 1 0 1 0 1 0 0 1 0 0 0 1 1 0 0 1 0 1 0 1 0 1 0 0 1 1 1 1 0 0 0 0 1 0 0 0 0 0 1 0 0 1 1 0 0 1 1 0 0 0 0 1 1 0 1 0 1 0 0 0 1 1 1 1 0 1 0 1 0 1 1 0
0 0 1 0 0 0 1 0 0 1 0 0 0 0 0 0 1 0 0 1 0 1 1 0 0 1 1 0 0 1 0 0 0 1 1 0 1 1 0 0 0 0 1 1 0 0 0 0 1 0 1 1 1 1 1 0 0 0 0 1 0 0 1 0 0 0 0 1 1 0 0 1 0 0 1 0 1 0 1 0 0 0 1 0 0 1 0 0 0 1 0 0 0 0 0 0 0 1 1 0 0 0 1 0 0 0 0 1 0 1 1 1 1 1 0 0 0 0 0 1 0 0 0 1 0 0 0 0 0 0 0 0 0 1 0 0 0 0 0 0 0 0 0 1 1 1 1 1 1 1 0 0 1 0 0 0 1 0 0 0 0 1 0 0 0 1 0 1 0 1 0 0 1 1 1 0 0 0 0 1 1 0 0 0 1 1 0 1 0 0 0 1 0 0 0 1 0 0 0 0
1 0 0 0 1 0 1 1 0 0 0 0 1 0 0 1 1 0 1 0 0 0 0 1 0 0 1 1 1 0 0 0 1 1 0 0 1 0 0 0 0 1 0 1 0 1 0 0 0 0 1 0 1 1 0 0 0 0 0 1 1 1 1 0 0 0 1 0 0 1 1 0 1 1 1 0 1 1 1 0 0 0 0 1 0 1 0 0 0 0 0 0 1 1 0 0 0 0 0 0 0 0 1 1 1 0 1 0 1 0 0 0 0 1 0 0 0 0 1 0 0 1 1 0 0 1 0 1 0 1 0 0 1 0 0 0 0 0 1 1 1 0 0 0 0 0 0 0 0 0 0 0 1 0 0 0 0 1 1 0 0 1 1 0 1 1 1 0 1 0 0 0 1 0 0 1 1 1 0 1 0 0 0 0 1 0 1 0 1 0 1 0 0 1 1 0 0 1 1 0
0 1 0 1 0 1 0 1 0 1 1 1 0 0 0 0 1 0 1 0 1 0 1 0 1 1 0 1 1 1 1 0 0 0 0 0 0 0 0 0 0 1 0 0 0 0 0 0 1 0 1 0 0 0 0 0 0 0 0 0 1 0 1 1 1 0 0 0 1 0 1 0 0 0 0 0 0 0 0 0 0 0 0 1 0 0 1 0 0 0 1 0 0 0 0 1 0 0 0 0 0 1 0 0 1 0 0 1 0 0 0 0 1 0 1 0 0 0 0 0 0 0 0 0 0 1 1 1 1 0 1 0 0 0 1 1 0 0 0 0 1 0 1 0 1 0 1 0 0 0 1 0 1 0 0 1 0 0 1 0 1 0 0 0 0 1 0 0 0 1 0 0 1 1 0 0 1 0 0 0 1 0 0 0 0 0 0 0 0 0 1 1 0 0 0 1 1 0 0 1
1 1 0 0 0 0 0 0 0 0 0 0 1 1 0 0 0 0 1 0 0 1 1 0 1 0 1 1 0 0 1 0 1 1 1 0 0 0 0 1 1 0 0 0 0 0 0 0 0 0 0 0 1 0 0 0 0 0 0 1 0 0 1 0 0 0 0 0 0 0 1 0 0 1 0 0 0 1 0 0 1 1 0 1 0 0 0 0 1 0 0 0 0 0 0 0 0 1 0 0 0 0 1 0 1 0 1 0 0 1 0 1 1 1 1 1 1 0 0 0 0 0 0 1 0 1 0 1 0 0 0 1 1 0 0 1 0 0 0 0 1 0 1 0 0 1 0 0 0 1 1 0 1 1 1 1 0 1 0 0 0 1 1 0 0 1 0 0 0 0 0 1 0 0 1 0 0 0 0 0 0 1 0 0 1 0 0 0 1 1 0 0 0 0 1 0 1 0 0 0
0 1 0 0 0 0 0 0 0 0 1 1 0 1 1 0 0 1 0 0 0 0 0 0 1 0 1 0 1 0 1 0 0 0 0 0 0 0 1 0 1 0 0 1 0 1 0 0 0 1 1 1 1 0 0 0 0 0 1 0 1 0 1 0 0 0 1 0 1 0 0 0 0 0 1 1 0 0 0 0 1 1 1 1 1 1 0 0 1 0 0 1 0 0 0 0 0 0 0 1 0 1 0 0 1 1 1 1 0 0 0 1 0 0 0 0 1 0 0 1 1 0 0 1 1 1 1 0 0 0 0 1 0 0 0 0 0 1 0 1 1 1 1 0 0 1 0 0 0 0 0 1 0 0 0 0 0 0 0 0 0 0 0 1 0 1 1 1 0 0 0 0 1 1 0 0 0 0 0 0 1 1 0 1 0 0 0 1 1 0 0 0 1 1 1 0 1 0 0 1
0 0 1 1 0 1 0 1 0 1 0 1 0 0 0 1 1 0 0 1 0 1 0 1 1 0 1 0 1 0 0 0 0 1 1 0 1 0 0 1 0 1 0 0 1 1 1 0 1 0 0 0 0 1 0 1 0 0 0 0 1 0 0 0 0 0 1 1 0 0 0 0 1 0 0 0 0 1 0 1 0 0 1 0 0 1 1 0 1 0 1 0 0 0 0 0 1 1 0 0 0 1 0 0 1 1 0 0 1 0 0 0 0 0 0 0 1 1 0 0 1 1 1 1 1 0 0 1 0 0 1 1 1 1 0 0 0 1 0 0 1 0 0 0 0 0 0 0 1 1 0 1 0 1 0 0 0 1 0 0 1 1 0 1 0 1 0 1 1 0 1 0 0 1 0 0 1 0 0 0 1 0 1 1 0 0 1 0 0 0 0 1 0 0 1 0 1 0 1 0
0 1 1 1 0 1 0 1 0 0 0 0 1 0 1 0 1 0 0 0 0 1 0 0 0 1 1 1 0 1 0 0 0 1 0 0 1 1 0 1 0 1 1 0 0 0 1 0 0 1 0 1 0 1 0 0 0 1 0 1 0 1 0 0 0 1 0 1 0 0 0 0 0 1 1 0 0 1 0 1 1 0 1 1 0 1 1 0 0 0 0 0 0 0 0 1 0 1 0 0 1 1 0 1 0 1 1 0 0 0 1 0 1 0 1 0 0 1 0 0 1 0 0 1 0 1 0 1 1 0 0 0 0 0 0 0 0 1 0 0 0 0 0 0 1 0 0 0 0 0 0 1 0 1 1 0 1 0 0 0 0 0 0 1 1 1 1 0 0 1 0 0 0 0 1 1 0 1 0 0 0 0 1 0 0 0 0 0 0 1 0 0 0 0 1 0 0 0 0 1
1 1 1 0 0 1 0 0 0 1 0 0 0 1 0 0 1 0 0 1 1 0 1 0 0 0 0 0 0 0 1 1 0 0 1 1 0 1 1 0 1 0 0 0 0 0 0 1 1 0 0 0 0 1 0 0 1 1 0 0 0 1 1 0 0 1 1 1 1 1 0 0 0 0 1 0 0 0 0 1 1 0 1 0 1 1 0 0 1 0 0 0 0 0 1 0 0 1 0 0 0 0 1 1 1 0 0 0 1 1 0 0 0 0 0 0 0 0 0 0 1 0 0 0 0 0 0 1 0 1 1 1 0 1 0 1 0 0 1 0 1 0 1 1 0 0 1 0 1 1 0 0 0 0 0 0 1 1 0 0 1 1 1 1 0 0 0 0 0 0 0 1 1 0 0 1 0 1 0 0 0 0 0 0 0 1 0 0 0 0 1 0 1 0 1 1 1 1 1 1
0 0 1 0 0 1 0 0 0 1 0 1 0 1 0 1 1 1 1 0 0 1 0 0 0 1 1 0 1 1 0 0 0 1 0 0 0 0 1 1 0 1 0 0 1 1 0 0 0 0 0 0 0 0 0 0 0 0 0 1 0 0 1 1 1 1 0 0 1 1 0 0 0 1 1 0 0 1 0 0 1 0 0 1 0 1 0 1 1 0 0 0 1 1 1 1 0 1 0 1 0 0 0 0 0 0 0 0 0 0 1 0 0 1 0 1 0 0 0 0 0 0 0 1 0 1 0 0 0 1 0 0 0 0 1 0 0 1 0 1 1 0 0 0 0 1 0 1 0 0 1 0 0 0 0 1 1 0 1 0 0 0 1 1 1 0 1 0 1 1 0 0 0 1 0 0 1 0 0 0 0 1 0 1 0 0 1 1 0 0 0 1 0 1 0 1 1 1 1 1
0 0 1 1 0 0 1 0 0 0 0 0 0 1 0 0 0 1 0 0 0 1 1 1 1 0 1 1 1 0 0 0 1 0 0 0 0 0 0 1 1 1 1 1 1 1 0 0 0 0 0 1 0 0 1 0 0 0 0 1 1 0 0 0 0 0 1 0 1 1 0 0 1 0 1 0 1 1 1 0 0 1 0 1 0 0 1 0 1 1 0 0 1 0 0 1 0 1 0 0 0 0 0 0 0 0 0 0 0 0 1 0 1 0 1 0 1 0 0 0 1 0 0 1 0 0 1 0 0 0 0 0 0 1 0 1 0 0 1 0 1 0 1 1 1 0 0 1 0 1 1 0 1 1 1 0 0 1 0 1 0 0 0 0 1 1 0 1 0 1 0 0 0 0 1 1 0 1 1 0 1 0 0 0 0 0 1 0 0 0 1 0 1 0 0 1 0 0 1 0
1 0 1 0 0 0 0 0 0 0 0 0 0 0 0 1 0 1 0 0 0 0 1 0 1 0 1 0 0 0 0 1 1 1 0 1 1 0 0 1 0 0 0 1 0 1 1 0 1 1 0 0 1 0 0 1 0 0 0 0 0 0 0 1 1 0 0 0 0 1 0 0 0 1 1 0 0 0 0 1 0 0 1 1 1 0 0 1 0 1 1 0 1 1 0 1 0 0 0 0 0 1 0 1 0 0 0 0 1 1 1 0 1 0 1 1 0 0 0 1 0 0 1 1 1 0 0 1 0 0 1 0 0 0 0 0 0 0 1 0 0 0 1 1 1 0 1 1 1 0 0 0 0 1 1 0 0 0 0 1 0 1 0 0 1 1 1 0 1 0 1 0 1 1 0 0 1 0 1 1 0 0 1 0 0 0 0 1 1 0 1 1 1 1 0 0 1 0 1 1
0 0 1 1 0 1 1 1 0 0 1 1 1 1 0 1 0 1 1 0 0 0 0 0 1 1 0 0 1 0 0 0 0 1 0 1 1 1 0 0 1 1 0 1 0 1 0 0 0 0 0 0 1 1 0 0 0 0 0 1 1 0 0 0 1 0 1 0 0 0 0 0 1 0 1 0 0 0 1 1 0 0 0 1 0 1 0 0 0 0 0 1 1 0 0 1 1 0 1 1 1 1 1 0 1 0 1 0 0 1 0 0 1 0 1 1 0 1 0 0 0 0 1 0 0 0 0 0 1 0 0 0 0 1 0 0 0 1 0 0 0 0 0 0 1 0 1 0 0 0 0 1 1 0 0 0 0 1 0 0 0 0 0 1 0 1 0 0 0 0 0 1 0 0 0 0 0 0 1 0 0 0 0 1 0 1 1 0 0 1 1 0 1 0 0 0 0 0 1 1
1 0 0 0 0 0 0 0 0 0 1 1 0 0 0 0 0 0 1 0 0 1 0 1 0 0 0 0 0 0 0 0 1 0 0 0 1 0 0 1 1 1 0 0 0 0 0 0 0 1 1 1 0 0 0 0 0 0 1 1 0 0 0 1 0 0 0 0 0 0 0 0 0 0 1 1 1 1 0 1 0 0 1 0 0 0 0 0 1 1 1 0 0 0 0 0 0 0 0 1 1 0 1 0 0 0 0 1 1 1 1 0 0 0 1 0 0 1 1 0 0 0 0 0 0 0 0 1 0 1 0 1 0 0 0 1 0 0 0 1 0 0 0 1 0 0 0 0 1 0 1 1 1 0 0 1 1 1 1 0 1 0 0 0 1 0 0 1 0 1 1 0 0 1 1 0 1 1 1 0 0 0 1 0 1 1 0 1 0 0 1 1 0 0 0 1 1 0 1 1
0 0 1 0 0 1 1 1 0 0 0 0 1 0 0 0 0 0 0 0 0 0 0 0 1 1 1 1 0 1 0 0 0 0 0 0 0 0 1 0 0 0 1 0 0 1 1 0 0 1 1 0 0 1 0 0 0 0 0 0 0 0 0 0 0 1 1 0 0 0 0 1 0 0 0 0 1 1 0 0 0 1 0 1 0 1 1 0 0 1 0 0 0 0 0 0 1 0 0 1 0 1 0 0 0 1 0 0 1 0 0 0 1 0 0 0 0 1 1 1 1 0 0 1 1 0 1 1 1 0 0 0 1 1 0 1 0 1 1 1 0 1 0 0 0 1 0 0 0 0 0 0 0 0 0 1 0 1 1 1 0 0 0 0 1 1 0 0 1 0 0 0 1 0 1 0 1 0 1 1 1 1 0 0 1 0 0 0 1 1 1 1 0 1 0 0 0 0 0 0
1 0 0 1 0 1 0 0 0 0 1 0 0 1 1 0 0 0 0 0 0 1 1 0 0 1 0 0 0 1 0 1 0 0 0 0 0 0 0 1 1 1 0 0 0 0 0 0 1 1 0 0 0 1 0 1 1 0 0 0 0 0 1 0 0 0 0 1 1 1 0 1 0 0 0 1 0 1 0 0 1 0 1 1 1 1 0 0 1 0 1 0 0 0 0 0 1 0 1 0 0 1 0 1 0 1 1 0 0 1 0 1 0 1 1 0 0 1 0 1 0 0 0 0 0 0 0 0 0 0 1 0 0 1 1 0 0 0 0 0 0 1 1 1 0 1 0 1 0 0 1 0 0 1 0 0 0 1 1 0 0 0 1 0 1 0 1 0 0 0 0 0 0 1 0 0 0 1 0 1 0 1 0 0 0 0 0 0 0 0 0 1 0 1 1 0 1 0 0 0
0 0 1 1 1 1 1 0 0 1 0 0 1 1 0 0 0 1 1 0 0 1 0 1 0 0 0 0 1 0 0 0 0 0 0 0 1 1 1 1 1 0 0 0 0 0 0 1 0 1 0 0 0 0 0 0 0 0 0 0 0 0 0 1 0 0 1 1 1 1 0 1 0 0 1 0 0 0 1 1 0 0 0 0 1 0 0 0 0 0 0 0 1 0 0 0 0 1 0 0 0 0 0 0 0 0 1 1 0 0 1 0 0 1 0 1 1 1 0 1 0 0 1 0 0 1 1 0 1 0 0 1 0 0 0 0 0 1 1 0 1 0 1 1 0 0 0 0 0 0 0 1 1 0 0 0 0 0 0 1 1 0 0 1 0 0 0 1 0 0 1 0 1 0 1 0 0 0 0 0 1 0 1 0 0 0 0 0 0 1 0 1 0 0 0 0 0 0 1 0
0 0 1 1 0 0 1 0 0 0 1 0 1 0 1 0 0 1 0 1 0 0 0 0 1 1 1 0 0 0 1 0 0 0 0 1 0 0 0 0 0 0 1 0 1 1 1 0 0 0 1 0 1 1 1 1 1 0 1 0 0 0 1 0 0 0 0 1 0 1 1 1 0 0 1 0 0 1 0 0 0 0 1 1 0 0 0 0 0 1 1 0 1 1 0 0 1 1 1 0 1 1 0 0 1 1 0 0 0 0 1 0 0 1 0 1 1 0 0 0 1 0 1 1 0 0 1 1 0 0 0 0 1 0 0 0 0 1 0 0 1 0 0 0 0 1 0 0 1 1 0 0 0 0 0 0 1 0 1 0 0 0 1 0 0 1 0 1 0 1 0 0 0 1 0 1 0 1 1 1 0 0 0 0 0 0 1 0 0 1 0 0 0 0 1 1 0 0 1 0
0 0 0 0 0 0 0 0 0 0 0 0 1 0 1 1 0 0 0 1 0 1 1 0 0 1 1 0 0 0 0 0 0 0 0 1 0 1 0 0 0 1 0 0 0 1 1 0 0 0 0 0 0 0 0 0 0 1 1 0 1 1 0 0 1 1 1 1 0 1 0 1 0 0 0 0 1 0 0 0 1 1 0 0 0 1 1 0 0 1 1 0 1 0 0 0 1 0 1 0 1 1 1 0 0 0 0 1 0 0 1 0 0 0 1 0 0 1 0 0 0 0 0 0 1 1 0 1 0 0 1 1 0 0 1 0 1 0 0 1 1 0 1 0 1 0 1 0 1 1 1 1 1 0 1 0 0 0 0 0 1 0 0 0 0 0 0 0 0 0 0 1 1 1 0 0 0 0 0 0 0 1 0 1 0 1 0 0 0 0 0 0 0 0 0 1 1 1 1 0
0 0 0 0 0 1 1 1 0 0 0 0 1 1 0 1 0 0 0 1 1 1 1 0 1 1 1 1 1 1 0 0 0 0 0 0 0 1 1 0 1 0 0 0 0 0 0 0 1 0 0 0 0 1 0 0 0 1 1 0 1 1 1 0 0 0 0 0 0 0 1 0 1 0 0 1 1 0 1 0 0 0 1 1 0 0 0 1 1 0 1 0 1 0 1 0 1 0 0 1 0 1 1 0 0 0 0 1 0 0 0 0 0 0 0 0 0 0 0 1 1 0 0 1 0 1 1 1 0 1 0 0 0 0 0 0 0 0 1 1 0 1 0 1 1 1 0 0 0 0 0 0 0 0 0 1 1 0 0 0 1 1 1 0 0 1 1 1 0 0 0 1 1 1 0 1 0 0 0 0 0 0 0 0 1 1 1 0 1 0 1 1 0 0 0 1 0 1 0 1
1 1 0 1 0 0 1 1 1 0 1 0 1 1 0 0 1 0 1 0 1 0 0 0 0 1 1 0 0 0 0 0 1 1 1 0 0 1 0 0 0 0 0 1 0 0 0 0 0 0 0 1 1 0 0 0 0 0 0 1 1 0 1 0 0 0 1 1 1 1 0 1 0 1 1 0 0 0 1 1 1 1 0 0 0 0 1 1 0 0 0 1 1 1 0 0 0 0 0 0 0 0 0 0 1 0 0 0 0 0 1 0 1 0 0 0 0 0 0 1 0 1 0 1 0 0 1 0 0 0 0 0 0 0 0 0 0 0 0 0 0 1 1 0 0 0 1 1 0 0 1 0 0 1 1 0 0 0 0 0 0 0 0 1 1 1 1 1 0 0 1 0 0 1 0 0 1 1 0 1 0 1 0 0 0 1 0 0 0 0 0 0 0 0 0 0 1 0 0 0
0 0 1 0 0 1 1 0 0 1 0 0 1 1 1 0 0 1 1 0 0 1 1 1 0 1 0 1 1 0 0 0 0 1 0 0 1 0 1 0 0 1 1 0 0 1 0 1 0 0 1 0 0 0 0 0 0 0 0 1 0 0 0 0 1 0 1 0 0 0 0 0 0 1 0 1 1 1 0 0 0 1 1 0 0 1 0 0 0 1 0 1 0 0 0 1 1 0 0 0 0 0 1 0 0 0 1 0 1 0 1 1 1 1 1 0 0 0 1 0 1 0 0 0 0 1 0 1 0 0 1 1 0 0 0 1 0 0 0 0 0 1 1 0 0 0 0 1 0 1 0 0 0 1 0 0 1 0 0 1 0 1 0 0 1 0 0 1 0 1 1 1 0 0 1 0 0 1 1 0 0 0 0 1 0 0 0 0 1 0 0 0 0 0 1 1 0 1 1 0
0 1 0 0 0 0 1 1 0 0 0 0 0 1 1 1 1 1 0 0 0 1 1 1 1 0 0 0 0 0 0 0 1 1 0 1 1 1 1 1 0 1 1 1 0 0 0 0 0 1 0 1 0 1 1 0 1 0 1 0 0 0 1 0 0 0 0 0 0 0 0 0 0 0 1 1 0 0 0 0 1 0 0 0 0 1 0 1 0 0 0 1 0 0 0 0 0 0 0 1 1 0 0 1 0 1 0 0 0 0 0 1 1 1 0 1 1 0 0 0 0 0 0 1 0 0 1 0 0 1 1 0 1 0 1 0 0 0 0 0 0 1 1 0 0 0 1 1 0 0 0 0 0 1 1 1 0 1 1 0 0 1 1 0 0 1 0 1 0 1 0 0 0 1 0 0 0 1 0 1 0 0 0 0 0 0 1 0 1 1 0 0 0 0 0 1 1 0 1 0
1 0 0 1 0 1 0 0 0 0 0 1 0 0 1 1 0 0 0 0 0 0 0 1 0 1 0 1 0 1 0 0 1 1 0 1 0 0 0 0 1 0 0 0 0 1 0 0 0 0 0 1 0 1 0 1 0 0 1 0 0 0 0 1 0 0 0 0 1 0 0 0 0 0 0 1 0 0 0 0 0 1 0 0 0 1 0 0 0 1 1 0 0 0 0 0 1 1 0 0 0 0 0 1 1 1 1 0 1 1 0 1 1 0 0 1 1 0 1 1 1 1 1 1 0 1 0 0 0 1 0 0 1 1 0 0 0 0 0 0 0 1 1 1 0 0 1 0 0 0 0 0 0 0 0 0 1 0 0 0 1 1 0 0 0 1 1 0 0 0 1 0 0 0 1 0 0 0 0 0 0 0 0 0 0 1 0 0 1 1 0 1 0 0 0 0 0 1 0 1
1 1 0 1 0 1 1 1 0 0 0 0 1 1 0 0 1 0 1 1 1 1 1 1 0 1 0 1 1 1 1 0 1 0 0 0 0 1 1 0 0 0 1 1 1 0 0 1 0 0 0 1 0 0 0 1 0 0 1 0 1 0 1 0 0 1 0 0 0 1 0 1 1 1 0 1 0 1 1 1 0 0 0 1 0 0 1 0 1 0 0 1 0 1 0 0 1 0 0 0 0 0 0 0 0 0 0 0 0 1 1 0 1 0 0 0 0 0 1 0 0 0 1 0 0 1 0 0 1 0 0 0 0 0 0 1 0 1 1 0 1 0 1 0 1 0 1 0 0 0 1 0 0 0 1 0 0 0 1 0 0 0 1 0 0 1 0 0 0 0 0 0 1 1 0 0 0 1 0 0 1 0 0 0 0 0 0 0 1 1 0 1 0 0 0 1 0 0 0 0
0 1 1 0 0 0 1 0 0 0 1 0 0 0 0 0 0 0 0 1 0 0 0 0 0 1 0 1 0 0 0 1 0 1 0 1 0 0 0 0 0 0 0 1 1 0 1 1 1 0 0 0 0 0 0 1 1 0 1 1 0 0 1 0 0 1 0 0 0 1 1 1 0 1 0 0 1 0 0 0 0 1 0 0 1 0 1 0 1 0 1 1 0 1 0 1 1 1 1 0 0 1 1 0 0 0 1 0 0 0 0 0 0 1 1 0 1 0 0 0 0 0 0 0 1 1 0 0 1 0 1 1 0 0 0 0 0 0 1 1 0 1 1 0 1 0 1 0 0 0 1 0 0 0 0 0 0 0 0 1 0 1 0 1 0 0 0 0 0 0 1 1 1 1 1 1 0 1 0 0 1 0 0 0 0 0 0 1 0 0 1 1 0 1 1 0 0 1 0 1
0 0 0 0 0 0 0 1 1 0 0 0 0 0 0 0 0 1 0 1 1 0 1 1 1 0 0 1 0 0 0 1 0 0 1 0 0 0 0 1 0 1 0 0 0 0 1 0 1 1 0 0 0 0 0 0 0 0 1 1 0 0 1 0 0 1 0 0 1 1 0 0 0 1 0 1 0 1 1 1 1 0 1 1 0 0 1 1 1 0 0 0 1 1 1 0 0 1 0 0 0 1 0 0 0 1 0 0 0 0 0 0 1 0 1 0 0 1 1 1 0 0 1 0 0 0 0 0 1 1 1 0 0 0 0 1 0 0 0 0 0 1 0 1 0 0 0 1 1 1 1 1 1 0 1 0 0 1 1 0 1 0 0 0 1 0 1 0 0 1 1 0 0 0 0 1 0 1 0 0 1 1 0 0 0 1 0 0 0 0 0 1 1 0 1 0 0 0 1 0
0 1 1 0 1 1 1 0 1 1 0 0 0 0 0 0 0 0 0 0 0 1 0 1 1 0 1 1 0 0 0 1 1 0 1 0 0 1 1 0 1 0 1 1 0 0 0 0 0 0 0 0 1 0 0 1 1 1 0 0 1 0 1 0 0 0 1 1 0 0 0 0 0 0 1 0 0 1 1 0 0 0 0 0 1 0 0 1 1 0 0 1 0 0 1 1 1 0 1 0 1 1 0 0 1 0 0 0 0 1 1 1 0 0 1 1 0 1 0 1 1 1 1 1 1 0 1 1 0 1 0 0 1 1 0 1 0 0 1 1 0 0 1 1 1 1 1 0 1 0 1 0 0 0 1 0 0 0 0 0 0 0 1 0 0 0 0 0 0 0 1 0 1 0 1 1 0 0 0 1 0 1 0 0 0 0 0 0 0 0 0 1 0 0 0 0 0 0 0 1
1 1 0 0 0 0 0 1 0 0 0 1 0 0 1 1 1 0 1 1 0 0 0 1 0 1 0 1 0 0 0 0 0 0 1 0 0 1 1 0 0 1 0 0 0 0 1 1 0 0 0 0 0 0 0 0 0 0 0 0 0 1 0 0 1 0 0 1 1 1 0 0 1 0 1 0 1 0 0 0 0 0 0 1 1 0 0 1 1 0 0 0 1 0 0 1 1 0 1 0 0 1 0 0 1 0 0 0 0 0 0 0 0 0 1 0 1 1 1 0 0 1 0 0 0 0 0 0 1 0 0 0 0 0 0 0 0 1 1 0 1 1 1 0 1 1 1 0 1 0 0 1 0 0 0 1 1 0 1 1 0 1 0 0 0 1 1 1 1 0 0 1 1 1 0 1 1 0 0 0 0 1 0 1 1 0 0 0 0 1 1 0 1 0 0 0 1 0 0 0
0 0 0 1 0 0 1 0 0 0 0 0 1 0 0 1 0 0 0 1 0 0 0 1 0 1 1 0 0 0 1 0 0 0 1 1 1 1 0 1 0 0 1 0 0 1 0 0 1 1 1 1 1 1 0 0 1 0 0 1 0 0 0 0 0 0 0 0 1 1 0 1 1 0 1 0 0 0 0 0 0 0 0 0 0 0 0 1 0 0 0 1 0 0 0 1 1 0 0 0 0 1 1 0 1 0 1 0 1 1 0 0 1 1 1 0 1 1 0 0 0 0 0 0 1 0 1 1 0 1 0 1 1 0 0 0 1 1 0 0 0 0 0 0 0 1 0 1 1 1 1 1 1 0 0 0 0 1 0 0 1 0 1 0 1 0 1 0 0 0 1 1 0 0 0 0 0 0 0 1 0 0 1 1 0 0 1 0 1 0 1 0 0 1 0 0 0 0 0 0
0 1 0 1 0 0 0 1 0 0 1 1 0 1 0 1 0 0 0 1 0 0 1 1 0 0 0 0 0 1 1 0 0 0 0 0 0 0 0 1 0 0 0 1 0 0 1 1 1 0 1 0 1 1 0 0 0 1 0 0 1 0 0 0 0 1 1 0 0 0 1 0 0 1 1 1 0 0 1 0 0 0 1 1 1 1 1 0 0 1 1 0 0 0 0 1 0 0 0 1 0 0 1 0 0 0 1 1 1 0 0 0 0 0 1 0 1 1 0 0 1 1 0 0 0 0 1 0 1 0 1 0 0 0 0 0 0 1 0 0 0 0 1 0 0 1 0 1 1 0 0 1 0 0 0 1 0 1 0 0 1 1 1 1 1 0 1 0 1 0 1 1 0 1 0 0 0 0 0 1 0 0 1 1 0 1 0 0 1 1 0 0 0 0 0 1 0 0 0 0
0 1 0 0 1 0 1 0 0 0 0 1 1 0 1 0 0 1 0 0 0 0 0 0 0 1 0 1 1 1 0 1 0 0 1 0 0 0 1 1 0 0 0 0 1 0 1 0 0 0 0 1 0 1 1 0 1 0 0 1 0 0 0 0 1 1 0 0 0 0 1 0 0 0 1 1 1 1 0 1 0 0 0 0 0 0 1 0 0 0 0 0 0 1 1 0 1 0 0 0 0 0 0 1 0 1 0 0 0 0 0 0 1 0 1 0 1 0 0 0 0 0 0 1 0 1 0 1 0 0 1 1 0 0 0 1 0 0 1 1 0 1 0 0 0 1 1 1 0 0 0 0 1 0 0 0 1 0 0 0 0 0 0 0 0 0 1 0 0 1 0 0 1 1 0 0 0 1 0 0 0 0 1 1 0 0 0 1 1 1 0 0 0 0 0 0 0 0 1 0
0 0 1 1 0 0 0 0 0 0 1 1 0 0 0 1 0 0 0 1 0 1 0 1 1 0 0 1 0 1 1 0 1 0 1 0 0 0 0 1 0 0 1 1 0 0 0 1 1 0 1 0 1 0 1 1 0 0 0 1 1 0 0 0 1 0 0 1 0 1 0 0 0 1 0 0 0 1 0 1 1 0 0 1 1 1 0 1 1 0 0 1 0 0 0 1 0 0 1 1 0 0 0 1 0 0 0 0 0 0 1 0 0 0 0 0 1 0 0 0 1 1 1 0 0 0 1 0 1 1 0 1 0 0 0 0 1 0 0 1 0 1 0 1 0 0 0 1 0 0 0 0 1 0 1 0 0 0 0 1 1 0 0 0 0 1 0 1 0 1 0 1 0 1 1 0 1 0 1 0 1 0 1 0 0 1 1 0 0 0 0 1 0 0 0 1 0 0 0 0
0 0 1 1 0 0 0 1 1 0 0 1 1 0 1 0 0 0 1 0 0 0 0 0 0 0 0 1 0 0 0 0 1 0 0 0 1 0 1 0 0 0 0 1 1 1 0 0 1 1 1 0 0 1 0 0 1 1 0 0 1 0 1 0 0 0 0 1 1 0 1 0 0 0 1 0 0 1 0 1 0 0 0 0 0 0 1 0 0 0 1 0 1 1 1 0 1 0 0 0 0 0 0 1 1 0 0 0 0 1 1 0 0 1 1 0 1 0 0 1 0 0 1 0 0 1 0 0 1 1 1 0 0 1 0 1 0 0 1 1 0 0 1 0 0 1 1 0 0 0 0 0 1 0 0 0 1 0 0 1 0 1 0 0 0 0 1 0 0 1 0 0 0 1 0 1 1 0 1 0 0 0 1 0 0 1 1 1 0 0 0 1 0 0 1 0 0 0 1 1
1 0 0 0 1 0 1 0 0 0 1 1 0 1 0 0 0 0 0 0 1 1 0 1 1 0 0 0 1 0 1 1 0 0 1 1 0 0 0 0 1 1 1 0 1 0 0 1 1 1 0 0 0 1 1 1 0 0 1 0 1 0 1 0 0 0 0 0 1 0 0 1 0 0 1 0 0 1 0 1 0 0 0 0 0 0 0 0 1 0 1 0 0 0 0 0 1 0 0 1 0 0 0 1 1 0 0 1 1 1 1 0 0 1 1 0 0 0 0 0 0 0 1 0 1 0 0 1 0 1 1 0 1 0 0 0 0 0 0 0 0 1 1 0 1 1 0 0 0 0 1 1 1 1 0 0 1 0 1 1 0 0 0 0 1 0 0 0 0 1 0 1 0 1 1 0 0 1 1 0 0 0 1 0 1 0 0 0 1 1 0 0 0 1 1 1 1 0 1 0
1 0 0 1 0 0 0 1 1 1 1 0 1 0 1 0 0 0 0 0 1 0 0 0 0 0 0 0 0 1 0 1 1 0 1 0 0 0 0 0 1 0 0 1 1 1 0 0 0 0 0 0 1 1 1 0 1 1 0 0 0 0 0 0 0 0 1 0 0 1 0 0 0 0 0 1 0 0 0 0 0 0 0 1 1 0 1 0 0 0 0 1 0 0 0 0 1 0 0 0 0 1 0 0 0 0 0 0 0 0 0 0 0 1 0 1 0 0 1 0 1 1 0 1 0 1 0 0 1 0 1 0 1 1 0 0 1 0 0 0 0 1 1 1 0 1 0 0 1 0 1 1 0 0 1 1 0 1 0 0 1 0 0 1 0 1 1 0 1 0 0 1 0 1 1 1 0 1 1 1 1 0 0 0 0 1 0 1 1 0 0 1 0 0 1 1 0 0 0 1
0 0 0 0 0 0 0 0 0 0 0 0 0 0 1 0 0 0 0 0 0 0 0 1 0 0 0 0 0 0 0 1 1 0 0 0 1 0 1 0 0 1 0 0 0 0 0 0 1 0 0 0 1 0 1 0 1 0 0 0 0 0 0 0 0 0 1 0 0 0 0 1 0 1 0 1 0 0 0 0 0 1 1 1 1 0 0 0 0 0 0 0 0 0 1 1 0 0 1 0 0 0 0 0 0 0 0 0 1 0 0 0 1 0 1 0 1 0 0 1 1 1 1 0 0 0 1 0 0 1 1 0 0 1 0 0 0 1 0 0 0 0 0 0 0 1 0 0 1 1 0 1 0 0 1 0 0 1 0 0 0 0 1 1 0 0 0 0 0 0 0 0 0 1 0 0 0 0 0 0 1 0 0 0 1 1 0 1 1 1 0 1 0 0 0 0 0 1 1 1
1 0 1 0 0 0 1 0 0 0 0 0 1 0 1 0 1 0 0 1 1 0 0 0 1 1 0 1 0 0 1 0 1 0 1 0 0 1 0 0 1 1 0 0 0 0 0 0 0 1 0 0 0 1 1 0 0 0 0 0 0 0 0 1 0 1 0 1 0 0 0 0 1 0 0 1 1 0 0 0 1 0 1 0 1 1 0 0 1 0 0 1 0 0 0 0 1 1 0 1 0 1 0 1 0 0 0 1 1 1 1 0 0 0 0 1 0 1 0 0 0 0 1 0 0 0 0 0 0 0 0 1 0 0 0 1 0 0 0 1 0 1 1 0 1 1 0 0 0 0 0 1 0 0 0 1 0 0 0 0 0 1 0 1 1 0 0 0 0 0 0 0 0 0 0 0 0 0 0 1 0 0 1 0 1 1 0 1 1 1 0 0 0 0 1 0 1 0 0 0
0 0 0 0 0 1 0 1 0 1 0 1 0 1 1 0 0 0 0 1 0 0 0 1 0 0 0 1 0 1 0 0 0 1 0 0 0 0 1 0 0 1 0 0 0 0 0 0 0 1 0 0 0 1 1 0 0 0 1 1 0 0 0 0 0 0 1 1 1 0 0 1 0 1 0 1 1 1 0 0 0 1 1 0 1 0 1 0 0 1 0 0 0 0 0 0 0 0 0 0 0 0 0 0 1 0 0 0 1 0 0 1 1 1 0 1 0 0 0 1 0 1 0 0 1 1 0 1 0 0 1 0 0 0 1 1 0 0 1 1 1 1 0 1 1 0 0 1 1 1 0 0 1 0 1 0 0 0 1 0 1 0 0 1 0 0 1 0 1 0 0 1 0 0 1 1 1 0 0 0 0 1 0 0 0 0 0 1 0 0 0 0 1 0 1 0 0 1 0 0
0 0 1 0 1 1 0 0 0 0 1 0 0 0 0 0 0 0 1 0 0 0 1 1 1 1 0 0 1 0 0 0 0 0 0 1 0 0 0 0 0 0 0 0 1 0 0 0 0 0 0 1 0 0 1 0 1 0 0 0 1 0 0 1 0 1 0 1 1 0 0 1 1 0 0 1 1 0 0 0 1 0 0 0 1 0 0 0 0 0 0 0 1 0 0 1 0 1 1 1 0 1 1 0 0 0 0 0 0 1 0 1 0 0 1 1 0 0 1 0 0 0 1 0 1 1 0 1 1 0 1 1 0 1 1 1 0 0 0 1 0 0 0 0 0 0 1 0 0 0 1 0 0 0 0 0 0 1 1 0 1 0 1 0 0 0 0 0 0 0 0 0 1 1 1 0 0 0 0 1 0 0 1 1 1 1 0 0 0 0 0 0 1 0 0 0 0 0 0 0
1 1 0 0 0 0 0 0 0 0 0 1 0 0 0 0 0 0 0 0 0 0 0 0 0 0 0 1 0 1 0 0 0 0 0 0 1 0 0 0 1 0 0 0 1 1 0 1 1 0 0 0 1 0 0 0 0 1 1 0 0 0 0 0 0 0 0 0 0 0 0 1 0 0 0 0 1 0 0 0 0 1 0 0 0 0 1 0 1 0 1 1 0 0 1 1 1 0 1 0 0 1 0 0 1 0 0 0 0 0 0 0 0 0 0 1 1 0 1 0 0 0 0 0 0 1 1 0 0 0 1 1 1 1 0 0 0 0 0 0 0 1 1 1 0 0 1 0 1 0 0 0 0 1 0 1 1 0 0 0 0 1 0 0 0 0 1 0 0 0 1 0 0 1 0 0 0 0 1 0 0 0 0 1 0 0 1 0 0 1 0 1 0 0 1 0 0 0 1 0
0 1 0 0 1 1 1 1 0 0 0 1 0 0 0 1 0 1 0 0 0 1 0 0 1 0 1 0 0 1 0 0 0 0 0 0 1 0 0 1 1 0 0 1 0 0 1 1 0 1 1 1 0 0 1 0 0 1 0 0 0 1 1 1 0 0 1 0 0 1 1 1 1 0 0 0 1 0 0 1 0 0 1 1 0 0 0 0 0 0 0 0 1 1 0 0 0 0 0 1 1 0 1 1 0 1 0 0 0 1 0 0 0 1 1 0 0 1 1 0 0 1 0 1 0 0 0 0 1 0 0 0 1 0 1 1 1 0 0 1 0 1 0 0 0 0 0 1 0 0 0 1 0 0 0 0 1 0 1 0 0 0 0 0 0 0 1 0 0 0 0 0 1 0 0 0 0 0 1 1 0 0 1 0 0 0 0 1 0 0 1 0 1 1 0 0 1 1 0 0
0 1 0 1 1 0 1 1 0 0 0 1 0 0 1 1 1 0 0 0 0 0 0 0 0 0 1 1 0 0 1 0 0 0 1 1 1 0 0 0 1 1 0 0 0 0 0 0 0 1 0 1 0 0 1 0 0 0 0 1 0 1 0 1 0 1 0 1 1 1 1 0 1 0 0 0 0 1 0 0 1 0 0 0 1 0 0 0 0 1 1 0 0 0 0 0 1 1 1 1 0 0 0 1 0 0 0 0 1 0 1 1 0 1 0 0 0 1 0 0 0 1 0 0 0 1 0 0 0 0 0 0 0 0 1 0 1 0 0 1 1 1 0 0 0 0 1 0 1 1 0 0 1 0 1 0 1 0 0 1 0 0 1 0 1 1 0 0 1 0 1 0 0 0 0 1 1 0 1 1 0 0 0 0 1 1 1 1 0 1 0 0 0 1 0 1 1 0 1 0
0 0 0 0 1 0 0 1 1 0 1 0 0 0 0 1 0 1 0 1 0 0 1 1 1 0 0 1 1 0 1 1 1 0 0 1 0 0 0 0 0 0 0 0 1 0 0 0 1 0 0 0 1 1 0 0 0 1 1 0 1 0 0 0 1 1 0 0 0 0 0 1 0 1 1 0 0 0 1 1 0 0 0 1 0 0 0 0 0 0 1 1 0 0 0 1 0 1 0 0 1 0 1 1 0 1 0 1 1 0 0 0 1 0 1 0 1 0 0 0 0 0 0 0 0 1 0 1 1 0 1 0 1 1 0 1 1 0 0 1 0 0 0 1 0 1 0 0 0 0 1 1 0 0 1 0 0 0 0 1 0 1 0 1 1 0 0 1 0 0 0 0 0 0 1 0 0 1 0 1 0 0 0 1 0 0 0 1 0 0 0 0 0 1 0 0 0 0 0 1
1 0 1 0 1 1 0 0 1 1 1 0 0 1 1 0 1 1 0 1 0 1 0 1 0 0 1 0 1 0 0 0 0 0 0 1 0 0 1 0 0 0 0 1 0 0 0 1 0 0 1 1 1 0 0 1 0 0 0 1 0 1 0 1 0 0 0 0 0 1 1 0 0 1 1 0 0 0 1 0 0 1 1 1 0 0 0 0 0 0 0 1 0 1 0 0 0 1 0 0 0 0 0 1 0 1 0 0 1 0 0 1 1 0 0 0 1 0 0 1 1 0 0 0 0 1 0 1 0 0 1 0 0 0 1 1 0 0 1 0 0 1 1 1 0 0 0 0 1 0 0 0 0 0 0 0 0 0 0 0 0 0 0 0 0 0 1 0 0 0 1 1 0 0 1 0 0 0 0 1 0 0 1 0 1 0 0 1 0 1 0 0 0 1 1 1 1 0 1 1
1 0 1 1 0 1 0 0 0 0 0 0 0 1 0 1 1 1 0 0 0 0 1 0 0 1 0 0 1 0 0 1 0 0 1 0 0 0 1 0 0 0 0 0 0 0 1 0 1 0 0 0 0 0 0 1 1 0 0 0 0 1 0 1 1 0 0 0 0 0 1 0 0 0 0 0 0 1 0 0 1 1 0 0 1 0 1 0 1 0 0 1 0 0 0 0 0 0 0 0 0 0 0 1 0 0 0 1 0 0 0 1 1 0 1 1 0 0 0 0 0 0 1 0 1 0 0 1 1 0 1 1 1 0 0 1 0 0 0 1 0 0 0 0 1 0 0 1 0 0 0 1 0 0 0 1 1 1 1 0 0 1 0 1 0 0 0 0 0 0 1 1 0 0 0 1 0 0 1 1 0 0 0 0 0 1 0 1 0 1 0 1 0 1 1 0 0 1 0 0
0 0 0 0 1 0 1 0 0 0 0 0 0 1 0 0 0 1 0 1 0 1 0 0 0 1 1 1 0 1 0 1 1 0 0 1 0 0 1 1 1 0 0 1 0 1 0 0 0 0 0 1 0 0 0 0 0 1 0 1 1 1 0 0 1 0 1 0 1 0 0 1 0 0 0 1 0 0 0 0 1 1 1 0 1 1 0 0 0 0 0 1 1 1 1 0 0 0 1 0 0 1 0 1 0 1 0 0 0 1 0 0 1 0 0 0 0 0 1 1 1 0 0 0 0 0 0 0 0 1 0 0 0 0 0 0 0 0 1 1 0 0 0 1 1 0 0 0 0 1 0 0 0 0 0 1 0 0 0 0 0 0 0 0 0 1 0 0 0 0 1 1 0 0 0 0 1 0 1 0 1 1 1 0 0 0 1 0 1 0 0 0 0 0 0 0 0 1 1 0
0 0 0 1 0 1 1 0 0 1 0 1 0 1 1 1 1 0 1 0 0 0 0 1 0 0 0 0 1 1 0 1 0 0 0 0 0 0 0 1 0 1 1 1 0 0 0 1 1 1 0 0 0 1 1 0 1 0 0 1 0 1 1 0 1 1 0 1 1 1 1 1 0 0 1 0 0 0 0 1 0 1 1 0 0 0 0 0 0 0 1 0 0 1 0 1 0 0 0 0 0 0 1 1 0 1 0 1 1 0 1 0 0 1 0 0 1 0 1 1 0 1 0 0 0 0 0 1 1 1 1 0 1 1 0 1 0 0 0 0 0 0 1 1 0 0 0 1 0 0 1 0 0 1 1 1 1 0 1 0 0 1 1 1 0 0 1 0 1 0 1 0 0 0 0 0 0 0 1 1 0 0 0 1 0 0 1 0 1 1 0 0 1 1 1 1 1 0 0 0
1 0 1 0 1 0 0 0 0 0 0 1 0 1 0 0 0 0 1 0 0 0 1 1 1 0 0 0 1 0 1 1 0 0 1 1 1 0 0 1 0 1 1 0 1 0 0 1 0 1 1 1 1 0 0 0 1 0 0 1 1 1 0 0 1 1 0 0 1 0 0 1 0 1 0 0 1 1 0 1 0 0 1 0 0 1 0 0 1 0 0 0 1 0 0 0 1 0 1 0 0 1 0 1 0 0 1 1 0 0 1 1 0 0 0 1 0 0 1 1 1 0 1 0 1 1 0 0 0 0 0 0 0 1 0 1 0 0 0 1 0 1 1 0 1 0 0 0 0 0 1 1 1 1 1 0 0 1 1 1 0 0 0 0 1 1 0 1 0 1 1 1 1 0 0 0 0 0 0 0 1 1 0 0 0 1 1 0 0 0 1 0 0 0 0 1 0 0 0 1
1 0 0 1 1 1 0 0 0 1 1 0 0 0 0 1 0 0 1 0 0 0 1 0 0 1 1 0 0 0 0 1 0 1 0 1 0 1 1 0 0 1 0 0 0 0 1 0 0 0 1 0 0 0 0 0 1 1 0 0 0 1 0 1 0 0 0 0 0 1 1 0 0 1 0 1 0 1 0 0 0 0 1 1 0 0 0 0 0 1 0 0 0 1 0 1 1 0 1 0 0 0 1 0 0 1 1 0 0 1 1 1 1 0 0 0 0 0 1 0 1 1 0 1 0 0 0 1 1 0 0 0 0 0 0 0 0 1 0 0 0 0 0 0 0 0 1 0 0 1 0 1 0 1 0 0 0 0 1 0 1 0 1 1 1 0 0 0 0 0 0 1 0 1 0 0 1 0 0 1 0 1 0 0 1 0 0 0 1 1 1 1 0 0 1 0 0 1 1 0
1 1 0 1 0 1 0 0 1 1 0 1 0 0 0 1 0 0 0 0 1 0 1 1 0 0 0 0 1 0 0 1 0 0 1 1 1 0 1 0 0 0 0 1 1 1 1 0 0 1 0 0 0 0 0 1 0 1 0 1 1 0 0 0 1 1 0 1 1 0 1 0 0 0 0 1 0 0 1 1 0 1 1 0 0 0 0 1 0 0 1 0 0 0 0 0 0 0 1 0 0 0 1 1 0 1 0 0 1 0 1 0 0 0 1 1 0 0 1 0 1 0 1 1 1 0 0 0 1 0 0 0 0 0 0 0 0 1 1 1 0 0 0 1 0 1 1 1 1 1 0 0 1 0 0 0 1 0 1 0 0 1 0 1 1 1 0 0 0 0 0 1 1 1 0 0 0 1 0 0 0 0 1 1 1 1 1 0 0 0 0 0 1 0 0 0 0 1 1 1
0 0 1 0 1 1 0 0 0 0 1 1 0 1 0 1 0 1 1 1 1 1 0 0 0 0 0 0 0 0 0 1 1 1 0 0 1 0 0 1 0 1 1 0 0 1 0 0 0 1 0 0 0 0 0 0 0 0 1 0 0 1 1 0 0 1 0 1 0 1 1 1 0 0 0 1 1 0 0 1 0 0 1 0 0 0 0 1 0 0 0 0 0 0 1 0 0 0 1 0 0 0 1 1 0 1 0 1 0 0 0 0 0 0 1 1 0 0 0 1 0 0 0 0 0 0 0 1 1 0 1 1 0 1 0 1 0 0 0 1 1 0 0 0 1 0 0 0 0 0 1 0 0 0 0 1 0 1 0 1 0 0 0 0 0 1 1 1 0 1 1 0 0 0 1 0 0 1 0 1 0 0 0 0 1 0 1 1 1 1 0 0 0 1 0 0 0 0 0 0
0 0 0 0 0 0 1 0 1 0 1 1 0 1 0 0 0 1 0 0 1 0 0 1 1 0 0 1 1 1 0 1 0 0 0 0 1 1 0 0 0 1 0 1 0 0 1 0 1 0 0 1 1 1 1 1 1 0 1 0 1 1 1 0 0 1 0 0 0 1 1 0 1 1 1 0 0 1 0 0 1 0 0 0 0 0 1 0 0 0 0 0 0 0 0 0 1 0 0 1 1 0 0 1 1 0 0 0 0 0 1 0 0 1 0 0 1 1 0 1 1 0 0 1 0 1 0 0 0 0 0 1 0 0 0 0 0 1 0 1 1 0 1 0 1 1 0 1 0 1 0 1 0 0 0 1 1 0 0 0 0 1 0 0 0 0 0 0 0 1 0 1 1 0 0 0 0 0 1 1 0 0 0 0 0 0 0 0 0 0 1 1 0 1 1 1 0 1 0 1
0 1 0 0 0 1 1 1 0 0 0 0 0 0 0 0 0 1 0 0 1 0 1 0 0 0 0 1 1 0 1 0 0 0 1 1 0 0 0 0 0 0 0 0 0 1 0 1 0 1 0 0 0 0 1 0 0 1 0 0 1 0 1 0 0 0 0 0 0 1 1 0 0 1 1 0 0 0 1 0 1 0 0 0 0 1 0 0 1 0 0 0 0 0 0 1 0 0 0 0 0 0 0 0 0 0 1 0 1 0 0 0 0 1 0 0 1 0 0 1 0 0 0 0 0 0 1 0 1 0 0 1 0 0 1 0 0 1 1 1 1 1 0 0 1 0 1 0 0 0 0 1 0 0 1 0 0 0 0 0 1 1 0 0 0 0 0 0 0 1 1 0 0 1 1 0 0 1 1 1 1 0 0 0 0 0 1 1 0 0 0 0 1 0 0 1 1 0 0 0
0 0 1 0 1 0 0 1 1 1 1 0 1 1 1 0 0 0 0 0 1 0 1 0 1 1 0 1 0 0 0 0 0 0 0 0 1 0 0 1 1 1 0 0 0 0 0 0 1 0 0 0 1 0 0 0 0 1 0 0 0 1 0 0 0 0 0 0 1 0 1 0 1 0 0 1 0 0 1 1 1 0 1 1 0 1 1 1 1 0 1 1 1 0 1 0 0 0 1 1 1 1 0 0 0 0 0 1 0 0 0 0 0 0 0 0 0 0 0 1 0 0 0 1 0 1 0 0 0 0 0 0 0 0 0 0 0 0 0 1 0 0 1 1 0 0 1 0 0 1 0 0 0 0 1 0 0 0 1 0 0 1 0 1 0 1 1 0 0 0 1 1 0 1 0 0 0 1 1 1 1 1 0 0 1 0 0 0 1 0 0 0 0 1 0 0 0 0 0 1
0 0 0 0 0 0 1 1 0 0 0 1 1 0 0 1 1 1 0 0 1 0 1 0 0 1 1 0 0 0 0 0 0 1 0 1 0 0 0 0 0 0 1 1 0 1 0 0 1 0 0 1 1 0 0 0 0 1 0 0 0 0 0 0 1 1 1 0 1 0 0 1 1 0 0 1 1 0 1 0 0 1 1 1 1 0 1 0 1 0 0 0 0 1 0 0 0 0 0 0 0 1 1 0 0 1 1 0 0 1 0 0 0 0 0 0 0 0 1 0 0 0 1 1 0 0 1 0 0 0 1 1 1 1 1 0 0 0 0 0 1 0 1 0 0 0 1 0 0 0 0 0 0 0 0 1 1 0 0 1 0 0 0 1 0 0 0 0 0 0 0 1 1 1 1 0 0 0 0 1 0 0 1 1 0 0 1 0 1 0 0 0 0 1 1 1 0 1 0 1
1 1 1 0 1 0 1 1 0 0 1 1 1 0 0 0 1 0 1 0 0 0 0 0 0 1 1 0 0 0 0 0 0 0 0 1 0 0 1 0 1 0 1 1 0 1 0 1 0 0 0 0 0 1 1 0 1 1 0 0 0 0 1 0 1 1 0 0 0 0 0 1 0 1 0 1 1 1 1 1 1 0 0 0 0 0 1 1 0 0 0 1 0 0 1 0 0 1 0 0 0 0 0 0 1 0 1 1 0 1 0 1 0 0 0 0 1 1 1 1 0 1 0 1 0 1 1 0 0 1 0 0 0 1 0 0 0 0 0 0 1 0 0 1 1 0 0 0 0 0 0 0 0 1 0 1 0 0 0 1 0 1 1 0 0 1 0 0 1 1 1 0 1 1 0 1 0 1 0 0 0 0 1 1 1 0 1 1 0 0 1 0 0 0 0 0 0 0 0 1
0 0 0 0 1 0 0 0 0 1 0 0 0 0 0 1 0 0 0 0 0 1 0 1 0 0 0 0 1 0 0 0 1 1 0 0 0 0 0 1 0 0 0 0 0 1 0 0 1 0 0 0 1 0 1 0 1 0 1 0 1 0 0 1 0 0 0 0 1 1 0 1 0 0 0 0 0 1 0 0 1 0 1 0 0 0 0 0 0 0 0 1 0 0 1 0 0 1 0 1 1 0 1 1 0 1 0 1 0 0 0 0 0 0 1 1 0 1 0 1 0 0 0 1 0 1 0 0 0 0 0 0 0 0 1 0 1 1 0 0 0 1 0 1 1 0 0 1 0 0 0 0 0 1 0 0 0 0 0 1 1 1 0 1 0 1 1 1 1 1 0 0 0 0 1 1 1 0 0 0 1 0 1 0 1 1 0 0 1 1 1 1 1 0 0 1 1 0 1 1
0 1 1 0 1 0 0 0 1 0 0 0 0 0 1 1 1 0 0 0 1 0 1 0 1 0 0 0 0 1 0 0 0 0 1 0 0 0 1 0 1 1 1 1 0 0 0 0 1 0 0 1 1 1 0 1 0 0 0 0 0 1 1 1 0 0 0 1 0 1 1 1 1 0 1 1 1 0 0 1 0 0 0 0 0 1 0 0 0 0 1 0 1 1 0 0 0 0 0 1 1 0 1 0 1 0 1 0 1 0 0 0 0 0 0 0 0 1 0 0 0 0 0 0 1 1 1 1 0 0 0 0 0 0 0 0 1 0 1 1 1 0 1 0 1 0 1 0 1 1 0 1 0 1 0 1 1 0 0 0 0 0 1 1 0 0 0 0 0 1 1 0 1 0 0 0 0 0 0 0 0 0 1 1 1 0 0 0 1 1 0 0 1 0 0 0 1 0 0 0
1 0 0 1 1 0 0 0 1 1 1 0 1 0 1 1 0 1 0 1 1 0 0 0 1 1 0 0 0 0 0 1 0 1 1 0 0 0 0 0 0 0 0 0 1 0 0 1 0 1 0 0 0 0 1 0 0 0 1 0 1 1 1 0 0 0 1 1 0 1 0 0 1 1 0 1 0 0 0 0 1 1 0 1 1 1 0 1 0 0 0 1 1 1 1 0 1 0 0 0 1 0 0 0 1 0 0 0 0 0 0 0 0 1 0 1 0 1 0 0 1 0 0 1 1 1 0 0 1 1 0 1 1 0 1 0 0 0 1 0 0 0 0 1 0 0 0 0 0 0 0 1 0 0 0 1 0 1 0 1 0 1 0 1 0 0 1 0 0 0 0 0 0 0 1 0 0 0 0 0 0 0 0 0 1 0 0 0 0 1 0 0 0 0 0 0 0 0 0 0
0 0 1 0 0 1 0 0 1 0 0 0 1 1 0 0 0 0 0 1 1 1 1 0 0 0 0 0 0 0 0 0 0 0 0 0 1 1 1 1 1 1 0 1 0 0 0 1 0 0 1 0 0 0 0 1 0 0 1 1 1 0 0 0 0 0 0 1 1 1 0 1 0 0 0 1 0 1 0 0 1 0 0 0 1 0 1 0 0 0 0 0 1 0 1 0 1 0 1 1 0 0 1 1 1 0 0 1 0 0 0 0 1 0 0 0 1 0 1 0 0 0 0 1 1 0 1 0 0 0 1 0 0 0 0 0 0 1 1 0 1 1 0 0 1 0 0 1 1 1 0 0 0 0 1 1 0 1 0 0 0 0 0 0 1 1 1 0 1 1 0 0 1 1 1 0 1 0 0 0 0 1 0 0 1 0 0 0 0 0 0 0 0 0 1 0 1 0 1 0
0 0 1 1 1 1 0 0 0 1 1 0 1 1 0 0 0 0 0 0 0 0 1 1 0 0 0 0 0 0 0 0 1 0 0 0 1 0 0 0 1 1 0 1 0 1 1 1 1 0 0 0 1 0 0 1 0 1 0 0 1 1 1 1 1 1 0 1 1 1 0 1 0 0 0 0 0 0 1 0 1 0 0 1 0 0 0 1 0 0 0 0 1 1 0 1 1 0 0 0 0 1 0 0 1 1 0 0 1 1 0 0 1 0 0 0 1 0 0 0 0 1 0 1 0 0 0 0 1 1 0 0 0 0 1 0 1 0 0 1 0 0 0 1 0 0 0 1 0 0 0 0 1 0 0 0 0 1 0 1 0 1 0 1 1 0 0 1 0 0 0 1 1 1 0 0 0 0 1 0 0 0 0 1 0 0 0 0 1 0 0 1 1 0 0 0 0 0 0 0
0 1 1 0 0 0 1 1 1 1 0 0 0 1 0 1 0 0 1 0 1 0 0 0 0 0 1 1 0 0 0 0 1 0 0 0 1 0 0 0 0 0 0 1 1 0 0 0 0 0 1 0 0 0 1 0 0 0 1 0 0 1 1 1 0 0 0 0 1 0 0 0 0 1 1 1 0 0 0 1 0 0 0 1 0 0 0 0 1 0 0 0 0 1 0 0 0 0 0 0 0 1 0 0 1 0 1 0 0 1 1 0 0 1 0 0 0 0 0 0 0 0 1 0 0 0 1 0 0 0 0 0 0 1 0 0 1 1 0 0 1 0 1 0 1 1 1 0 0 1 1 1 1 0 0 0 0 0 0 1 0 0 0 0 0 0 0 1 1 0 0 1 1 0 0 1 1 1 0 1 1 0 1 0 1 0 0 0 0 0 1 0 1 0 0 1 0 1 1 1
1 1 0 0 0 0 0 1 1 0 1 0 1 0 0 1 0 1 0 1 0 0 0 0 1 1 1 0 0 1 0 1 0 1 0 0 1 1 0 0 0 1 0 0 0 0 0 0 0 1 0 0 0 0 0 0 0 0 1 0 0 0 0 0 1 1 0 0 0 1 1 0 0 0 1 1 1 1 1 1 0 0 1 0 0 0 0 0 0 1 0 0 0 1 0 0 0 0 0 0 1 0 1 1 0 0 0 0 0 1 0 0 1 1 0 0 0 0 1 1 1 0 0 0 0 0 0 0 0 0 0 1 0 0 0 0 0 0 0 0 0 0 0 0 1 1 1 0 0 0 0 0 0 0 0 1 0 1 1 0 0 1 0 0 1 1 0 0 0 0 1 0 0 0 0 0 0 0 0 1 0 1 0 0 0 0 1 0 0 0 1 1 0 1 1 0 0 1 1 1
0 1 0 0 1 1 0 0 0 0 0 0 0 0 0 1 0 1 0 1 1 0 0 1 0 0 0 0 0 0 0 0 1 0 0 1 0 0 0 0 1 1 1 1 1 0 0 1 1 0 1 0 0 0 0 1 0 1 0 1 0 0 0 0 0 1 0 1 0 0 0 0 0 1 0 1 1 0 0 1 0 0 0 1 1 0 0 1 0 1 1 0 1 0 0 0 0 0 0 1 0 0 0 0 0 1 1 1 1 0 0 0 1 0 0 0 0 0 0 0 1 0 0 1 0 1 0 1 1 0 1 1 0 0 0 0 0 0 1 0 1 1 0 0 0 1 0 0 0 0 1 0 1 1 0 0 0 0 0 0 0 1 1 1 0 0 1 1 0 0 1 0 1 1 0 0 1 1 0 1 0 0 0 0 1 0 1 1 0 1 0 1 1 0 1 1 0 1 0 1
0 0 1 1 0 1 0 1 0 1 1 0 1 0 1 0 1 0 1 1 1 0 1 0 1 1 0 1 0 1 0 1 1 0 0 1 1 0 0 0 0 1 1 1 1 0 0 0 1 1 0 0 0 0 0 0 0 0 0 1 0 0 1 0 0 0 1 0 1 0 1 0 1 1 1 0 1 0 0 1 1 1 0 0 0 0 0 0 0 1 1 0 0 1 0 0 0 0 0 0 0 0 0 1 0 1 0 0 0 1 0 0 1 0 1 1 0 0 0 1 0 1 1 1 0 0 0 1 0 0 1 0 1 0 1 0 0 0 0 1 0 1 1 0 0 0 1 1 1 1 0 0 0 0 0 0 1 0 0 1 1 0 0 1 1 0 0 0 0 0 0 1 1 1 0 1 1 0 1 0 0 1 0 0 0 1 0 0 0 0 1 0 0 0 0 1 0 1 0 0
0 0 0 0 1 1 0 0 0 0 0 0 0 0 0 1 0 0 0 0 0 0 0 0 0 0 0 1 0 0 0 1 0 0 0 1 0 1 0 1 0 1 0 0 1 1 1 0 1 1 0 1 1 1 1 1 0 1 0 0 0 0 1 1 0 1 1 0 1 1 1 0 0 1 0 0 0 1 1 0 0 1 1 0 0 0 0 1 0 0 1 0 0 1 0 0 0 1 1 0 0 1 1 1 1 0 0 1 1 0 0 0 1 0 0 1 0 1 0 1 1 0 1 1 1 0 0 0 1 1 0 0 0 0 0 0 1 0 1 1 0 0 1 0 0 0 1 0 0 0 1 1 0 1 0 1 0 1 0 0 0 1 0 0 1 0 0 1 1 0 0 0 0 0 0 1 1 1 1 0 0 0 1 1 0 0 1 1 1 0 1 1 0 0 0 0 0 0 0 1
0 0 1 0 0 0 1 1 1 0 0 0 0 1 0 1 1 1 0 0 0 0 1 0 0 1 0 0 0 0 0 1 0 0 0 1 0 1 1 1 0 1 0 1 1 0 0 0 0 0 0 0 0 0 1 0 0 1 1 1 0 0 1 1 0 1 0 0 1 1 1 1 0 1 1 0 1 0 1 1 0 1 0 1 1 0 1 0 0 0 0 0 0 1 0 1 1 0 0 1 1 0 0 1 0 1 0 0 0 0 0 0 1 1 1 1 1 0 1 1 0 0 1 0 0 0 1 1 0 0 1 0 0 0 0 1 1 0 1 0 1 0 1 0 1 0 1 0 0 0 0 1 0 0 0 1 0 1 1 1 0 1 0 1 1 1 0 0 1 0 1 0 0 0 1 0 0 1 0 0 0 1 1 0 1 0 0 1 0 0 1 0 1 0 0 1 0 0 1 0
0 0 1 0 0 0 0 0 0 0 0 0 0 1 0 0 1 1 0 0 1 0 0 1 1 0 0 0 1 0 0 0 1 0 0 0 1 1 1 0 0 0 0 0 0 1 0 1 1 0 0 0 0 1 0 1 1 0 1 1 1 0 1 0 0 0 1 1 1 1 0 0 0 0 1 0 1 0 0 1 0 0 1 0 0 1 1 0 0 0 0 0 0 0 0 0 0 1 1 0 0 0 1 1 0 1 0 0 1 1 0 0 0 0 0 0 0 0 0 1 0 1 0 0 0 1 1 0 0 1 0 0 1 0 0 0 0 1 0 0 1 1 0 0 0 1 1 0 1 1 1 0 1 1 0 1 0 1 0 0 1 1 1 1 1 0 0 0 0 1 0 1 0 0 1 1 0 1 1 0 0 0 1 0 1 0 1 0 0 1 1 0 0 0 0 0 0 0 0 1
1 0 0 1 0 0 0 1 0 1 0 1 0 1 1 1 1 0 0 1 0 0 0 0 1 0 0 1 0 0 0 1 1 0 0 1 1 1 0 1 0 0 0 0 0 1 0 0 1 0 1 0 0 1 1 0 0 0 0 0 0 0 1 0 0 1 1 1 1 0 1 0 0 1 1 1 1 0 1 0 0 1 0 0 0 0 0 0 0 1 0 0 0 0 0 1 1 0 0 0 0 1 1 0 0 0 0 0 1 0 1 0 1 1 1 0 0 1 1 0 1 1 0 1 1 0 1 0 0 0 1 0 1 0 1 0 0 1 1 0 1 1 1 0 0 0 0 0 1 0 0 0 1 0 0 0 0 0 1 1 0 1 0 0 0 0 0 0 1 1 0 0 1 0 1 1 1 1 0 1 1 0 0 1 0 0 0 1 1 1 0 0 0 0 0 0 1 0 0 0
0 0 0 0 0 0 1 0 0 0 1 1 0 0 1 1 0 0 1 0 1 1 0 1 0 0 1 0 1 0 1 1 0 0 0 0 0 1 0 0 0 0 1 0 0 1 0 0 0 0 1 1 1 1 0 0 0 1 1 0 0 1 1 0 1 0 0 1 0 1 1 0 0 1 1 0 0 1 0 1 0 0 1 0 0 1 1 1 0 0 0 0 1 1 1 0 1 1 0 1 1 1 0 0 0 0 1 1 0 1 0 0 0 1 0 1 0 1 1 1 1 1 0 0 1 0 0 0 0 1 0 0 1 0 0 0 0 1 0 0 0 1 0 1 1 0 1 1 0 0 1 0 0 1 1 0 0 0 0 0 0 1 0 0 0 1 0 1 1 1 1 1 0 0 1 0 0 0 1 1 0 0 1 0 1 0 0 1 0 0 0 1 0 0 0 1 0 0 1 0
